#	250 05 0250 6000 090 1.00 de
   1238  16.500  87.550   0.000   0.000 0.000
   1238  16.500  87.750   0.000   0.000 0.000
   1238  16.500  87.950   0.000   0.000 0.000
   1238  16.500  88.150   0.000   0.000 0.000
   1238  16.500  88.350   0.000   0.000 0.000
   1238  16.500  88.550   0.000   0.000 0.000
   1238  16.500  88.750   0.000   0.000 0.000
   1238  16.500  88.950   0.000   0.000 0.000
   1238  16.500  89.150   0.000   0.000 0.055
   1238  16.500  89.350   0.000   0.000 0.066
   1238  16.500  89.550   0.000   0.000 0.074
   1238  16.500  89.750   0.000   0.000 0.100
   1238  16.500  89.950   0.000   0.000 0.063
   1238  16.500  87.550   0.000  25.000 0.000
   1238  16.500  87.750   0.000  25.000 0.000
   1238  16.500  87.950   0.000  25.000 0.000
   1238  16.500  88.150   0.000  25.000 0.000
   1238  16.500  88.350   0.000  25.000 0.000
   1238  16.500  88.550   0.000  25.000 0.000
   1238  16.500  88.750   0.000  25.000 0.000
   1238  16.500  88.950   0.000  25.000 0.000
   1238  16.500  89.150   0.000  25.000 0.023
   1238  16.500  89.350   0.000  25.000 0.048
   1238  16.500  89.550   0.000  25.000 0.081
   1238  16.500  89.750   0.000  25.000 0.077
   1238  16.500  89.950   0.000  25.000 0.082
   1238  16.500  87.550   0.000  50.000 0.000
   1238  16.500  87.750   0.000  50.000 0.000
   1238  16.500  87.950   0.000  50.000 0.000
   1238  16.500  88.150   0.000  50.000 0.000
   1238  16.500  88.350   0.000  50.000 0.000
   1238  16.500  88.550   0.000  50.000 0.000
   1238  16.500  88.750   0.000  50.000 0.000
   1238  16.500  88.950   0.000  50.000 0.000
   1238  16.500  89.150   0.000  50.000 0.002
   1238  16.500  89.350   0.000  50.000 0.032
   1238  16.500  89.550   0.000  50.000 0.080
   1238  16.500  89.750   0.000  50.000 0.063
   1238  16.500  89.950   0.000  50.000 0.084
   1238  16.500  87.550   0.000  75.000 0.000
   1238  16.500  87.750   0.000  75.000 0.000
   1238  16.500  87.950   0.000  75.000 0.000
   1238  16.500  88.150   0.000  75.000 0.000
   1238  16.500  88.350   0.000  75.000 0.000
   1238  16.500  88.550   0.000  75.000 0.000
   1238  16.500  88.750   0.000  75.000 0.000
   1238  16.500  88.950   0.000  75.000 0.000
   1238  16.500  89.150   0.000  75.000 0.000
   1238  16.500  89.350   0.000  75.000 0.012
   1238  16.500  89.550   0.000  75.000 0.043
   1238  16.500  89.750   0.000  75.000 0.052
   1238  16.500  87.550   0.000 100.000 0.000
   1238  16.500  87.750   0.000 100.000 0.000
   1238  16.500  87.950   0.000 100.000 0.000
   1238  16.500  88.150   0.000 100.000 0.000
   1238  16.500  88.350   0.000 100.000 0.000
   1238  16.500  88.550   0.000 100.000 0.000
   1238  16.500  88.750   0.000 100.000 0.000
   1238  16.500  88.950   0.000 100.000 0.000
   1238  16.500  89.150   0.000 100.000 0.000
   1238  16.500  89.350   0.000 100.000 0.007
   1238  16.500  89.550   0.000 100.000 0.025
   1238  16.500  89.750   0.000 100.000 0.050
   1238  16.500  87.550   0.000 125.000 0.000
   1238  16.500  87.750   0.000 125.000 0.000
   1238  16.500  87.950   0.000 125.000 0.000
   1238  16.500  88.150   0.000 125.000 0.000
   1238  16.500  88.350   0.000 125.000 0.000
   1238  16.500  88.550   0.000 125.000 0.000
   1238  16.500  88.750   0.000 125.000 0.000
   1238  16.500  88.950   0.000 125.000 0.000
   1238  16.500  89.150   0.000 125.000 0.000
   1238  16.500  89.350   0.000 125.000 0.000
   1238  16.500  89.550   0.000 125.000 0.024
   1238  16.500  89.750   0.000 125.000 0.034
   1238  16.500  87.550   0.000 150.000 0.000
   1238  16.500  87.750   0.000 150.000 0.000
   1238  16.500  87.950   0.000 150.000 0.000
   1238  16.500  88.150   0.000 150.000 0.000
   1238  16.500  88.350   0.000 150.000 0.000
   1238  16.500  88.550   0.000 150.000 0.000
   1238  16.500  88.750   0.000 150.000 0.000
   1238  16.500  88.950   0.000 150.000 0.000
   1238  16.500  89.150   0.000 150.000 0.000
   1238  16.500  89.350   0.000 150.000 0.000
   1238  16.500  89.550   0.000 150.000 0.007
   1238  16.500  89.750   0.000 150.000 0.016
   1238  16.750  87.550   0.000   0.000 0.000
   1238  16.750  87.750   0.000   0.000 0.000
   1238  16.750  87.950   0.000   0.000 0.000
   1238  16.750  88.150   0.000   0.000 0.000
   1238  16.750  88.350   0.000   0.000 0.000
   1238  16.750  88.550   0.000   0.000 0.000
   1238  16.750  88.750   0.000   0.000 0.000
   1238  16.750  88.950   0.000   0.000 0.719
   1238  16.750  89.150   0.000   0.000 0.763
   1238  16.750  89.350   0.000   0.000 0.755
   1238  16.750  89.550   0.000   0.000 0.739
   1238  16.750  89.750   0.000   0.000 0.727
   1238  16.750  89.950   0.000   0.000 0.664
   1238  16.750  87.550   0.000  25.000 0.000
   1238  16.750  87.750   0.000  25.000 0.000
   1238  16.750  87.950   0.000  25.000 0.000
   1238  16.750  88.150   0.000  25.000 0.000
   1238  16.750  88.350   0.000  25.000 0.000
   1238  16.750  88.550   0.000  25.000 0.000
   1238  16.750  88.750   0.000  25.000 0.000
   1238  16.750  88.950   0.000  25.000 0.619
   1238  16.750  89.150   0.000  25.000 0.754
   1238  16.750  89.350   0.000  25.000 0.748
   1238  16.750  89.550   0.000  25.000 0.741
   1238  16.750  89.750   0.000  25.000 0.693
   1238  16.750  89.950   0.000  25.000 0.697
   1238  16.750  87.550   0.000  50.000 0.000
   1238  16.750  87.750   0.000  50.000 0.000
   1238  16.750  87.950   0.000  50.000 0.000
   1238  16.750  88.150   0.000  50.000 0.000
   1238  16.750  88.350   0.000  50.000 0.000
   1238  16.750  88.550   0.000  50.000 0.000
   1238  16.750  88.750   0.000  50.000 0.000
   1238  16.750  88.950   0.000  50.000 0.245
   1238  16.750  89.150   0.000  50.000 0.698
   1238  16.750  89.350   0.000  50.000 0.748
   1238  16.750  89.550   0.000  50.000 0.722
   1238  16.750  89.750   0.000  50.000 0.697
   1238  16.750  89.950   0.000  50.000 0.674
   1238  16.750  87.550   0.000  75.000 0.000
   1238  16.750  87.750   0.000  75.000 0.000
   1238  16.750  87.950   0.000  75.000 0.000
   1238  16.750  88.150   0.000  75.000 0.000
   1238  16.750  88.350   0.000  75.000 0.000
   1238  16.750  88.550   0.000  75.000 0.000
   1238  16.750  88.750   0.000  75.000 0.000
   1238  16.750  88.950   0.000  75.000 0.000
   1238  16.750  89.150   0.000  75.000 0.674
   1238  16.750  89.350   0.000  75.000 0.712
   1238  16.750  89.550   0.000  75.000 0.736
   1238  16.750  89.750   0.000  75.000 0.681
   1238  16.750  87.550   0.000 100.000 0.000
   1238  16.750  87.750   0.000 100.000 0.000
   1238  16.750  87.950   0.000 100.000 0.000
   1238  16.750  88.150   0.000 100.000 0.000
   1238  16.750  88.350   0.000 100.000 0.000
   1238  16.750  88.550   0.000 100.000 0.000
   1238  16.750  88.750   0.000 100.000 0.000
   1238  16.750  88.950   0.000 100.000 0.000
   1238  16.750  89.150   0.000 100.000 0.569
   1238  16.750  89.350   0.000 100.000 0.671
   1238  16.750  89.550   0.000 100.000 0.704
   1238  16.750  89.750   0.000 100.000 0.689
   1238  16.750  87.550   0.000 125.000 0.000
   1238  16.750  87.750   0.000 125.000 0.000
   1238  16.750  87.950   0.000 125.000 0.000
   1238  16.750  88.150   0.000 125.000 0.000
   1238  16.750  88.350   0.000 125.000 0.000
   1238  16.750  88.550   0.000 125.000 0.000
   1238  16.750  88.750   0.000 125.000 0.000
   1238  16.750  88.950   0.000 125.000 0.000
   1238  16.750  89.150   0.000 125.000 0.266
   1238  16.750  89.350   0.000 125.000 0.607
   1238  16.750  89.550   0.000 125.000 0.699
   1238  16.750  89.750   0.000 125.000 0.708
   1238  16.750  87.550   0.000 150.000 0.000
   1238  16.750  87.750   0.000 150.000 0.000
   1238  16.750  87.950   0.000 150.000 0.000
   1238  16.750  88.150   0.000 150.000 0.000
   1238  16.750  88.350   0.000 150.000 0.000
   1238  16.750  88.550   0.000 150.000 0.000
   1238  16.750  88.750   0.000 150.000 0.000
   1238  16.750  88.950   0.000 150.000 0.000
   1238  16.750  89.150   0.000 150.000 0.069
   1238  16.750  89.350   0.000 150.000 0.598
   1238  16.750  89.550   0.000 150.000 0.649
   1238  16.750  89.750   0.000 150.000 0.677
   1238  16.750  87.550   0.000 175.000 0.000
   1238  16.750  87.750   0.000 175.000 0.000
   1238  16.750  87.950   0.000 175.000 0.000
   1238  16.750  88.150   0.000 175.000 0.000
   1238  16.750  88.350   0.000 175.000 0.000
   1238  16.750  88.550   0.000 175.000 0.000
   1238  16.750  88.750   0.000 175.000 0.000
   1238  16.750  88.950   0.000 175.000 0.000
   1238  16.750  89.150   0.000 175.000 0.008
   1238  16.750  89.350   0.000 175.000 0.487
   1238  16.750  89.550   0.000 175.000 0.620
   1238  16.750  89.750   0.000 175.000 0.703
   1238  16.750  87.550   0.000 200.000 0.000
   1238  16.750  87.750   0.000 200.000 0.000
   1238  16.750  87.950   0.000 200.000 0.000
   1238  16.750  88.150   0.000 200.000 0.000
   1238  16.750  88.350   0.000 200.000 0.000
   1238  16.750  88.550   0.000 200.000 0.000
   1238  16.750  88.750   0.000 200.000 0.000
   1238  16.750  88.950   0.000 200.000 0.000
   1238  16.750  89.150   0.000 200.000 0.000
   1238  16.750  89.350   0.000 200.000 0.424
   1238  16.750  89.550   0.000 200.000 0.620
   1238  17.000  88.700   0.000   0.000 0.000
   1238  17.000  88.900   0.000   0.000 0.820
   1238  17.000  89.100   0.000   0.000 0.820
   1238  17.000  89.300   0.000   0.000 0.820
   1238  17.000  89.500   0.000   0.000 0.820
   1238  17.000  89.700   0.000   0.000 0.816
   1238  17.000  89.900   0.000   0.000 0.813
   1238  17.000  88.700   0.000  25.000 0.000
   1238  17.000  88.900   0.000  25.000 0.820
   1238  17.000  89.100   0.000  25.000 0.820
   1238  17.000  89.300   0.000  25.000 0.820
   1238  17.000  89.500   0.000  25.000 0.820
   1238  17.000  89.700   0.000  25.000 0.818
   1238  17.000  89.900   0.000  25.000 0.816
   1238  17.000  88.700   0.000  50.000 0.000
   1238  17.000  88.900   0.000  50.000 0.820
   1238  17.000  89.100   0.000  50.000 0.820
   1238  17.000  89.300   0.000  50.000 0.820
   1238  17.000  89.500   0.000  50.000 0.820
   1238  17.000  89.700   0.000  50.000 0.816
   1238  17.000  89.900   0.000  50.000 0.813
   1238  17.000  88.700   0.000  75.000 0.000
   1238  17.000  88.900   0.000  75.000 0.820
   1238  17.000  89.100   0.000  75.000 0.820
   1238  17.000  89.300   0.000  75.000 0.820
   1238  17.000  89.500   0.000  75.000 0.820
   1238  17.000  89.700   0.000  75.000 0.819
   1238  17.000  89.900   0.000  75.000 0.817
   1238  17.000  88.700   0.000 100.000 0.000
   1238  17.000  88.900   0.000 100.000 0.820
   1238  17.000  89.100   0.000 100.000 0.820
   1238  17.000  89.300   0.000 100.000 0.820
   1238  17.000  89.500   0.000 100.000 0.820
   1238  17.000  89.700   0.000 100.000 0.819
   1238  17.000  89.900   0.000 100.000 0.817
   1238  17.000  88.700   0.000 150.000 0.000
   1238  17.000  88.900   0.000 150.000 0.680
   1238  17.000  89.100   0.000 150.000 0.820
   1238  17.000  89.300   0.000 150.000 0.820
   1238  17.000  89.500   0.000 150.000 0.820
   1238  17.000  89.700   0.000 150.000 0.818
   1238  17.000  89.900   0.000 150.000 0.817
   1238  17.000  88.700   0.000 200.000 0.000
   1238  17.000  88.900   0.000 200.000 0.000
   1238  17.000  89.100   0.000 200.000 0.820
   1238  17.000  89.300   0.000 200.000 0.820
   1238  17.000  89.500   0.000 200.000 0.820
   1238  17.000  89.700   0.000 200.000 0.820
   1238  17.000  89.900   0.000 200.000 0.813
   1238  17.000  88.700   0.000 300.000 0.000
   1238  17.000  88.900   0.000 300.000 0.000
   1238  17.000  89.100   0.000 300.000 0.788
   1238  17.000  89.300   0.000 300.000 0.820
   1238  17.000  89.500   0.000 300.000 0.820
   1238  17.000  89.700   0.000 300.000 0.820
   1238  17.000  89.900   0.000 300.000 0.817
   1238  17.000  88.700   0.000 500.000 0.000
   1238  17.000  88.900   0.000 500.000 0.000
   1238  17.000  89.100   0.000 500.000 0.000
   1238  17.000  89.300   0.000 500.000 0.258
   1238  17.000  89.500   0.000 500.000 0.806
   1238  17.000  89.700   0.000 500.000 0.813
   1238  17.000  89.900   0.000 500.000 0.813
   1238  17.000  88.700   0.000 800.000 0.000
   1238  17.000  88.900   0.000 800.000 0.000
   1238  17.000  89.100   0.000 800.000 0.000
   1238  17.000  89.300   0.000 800.000 0.000
   1238  17.000  89.500   0.000 800.000 0.018
   1238  17.000  89.700   0.000 800.000 0.749
   1238  17.000  89.900   0.000 800.000 0.811
   1238  17.250  87.550   0.000   0.000 0.000
   1238  17.250  87.750   0.000   0.000 0.000
   1238  17.250  87.950   0.000   0.000 0.000
   1238  17.250  88.150   0.000   0.000 0.000
   1238  17.250  88.350   0.000   0.000 0.000
   1238  17.250  88.550   0.000   0.000 0.000
   1238  17.250  88.750   0.000   0.000 0.820
   1238  17.250  88.950   0.000   0.000 0.820
   1238  17.250  89.150   0.000   0.000 0.820
   1238  17.250  89.350   0.000   0.000 0.820
   1238  17.250  89.550   0.000   0.000 0.820
   1238  17.250  89.750   0.000   0.000 0.820
   1238  17.250  89.950   0.000   0.000 0.820
   1238  17.250  87.550   0.000  25.000 0.000
   1238  17.250  87.750   0.000  25.000 0.000
   1238  17.250  87.950   0.000  25.000 0.000
   1238  17.250  88.150   0.000  25.000 0.000
   1238  17.250  88.350   0.000  25.000 0.000
   1238  17.250  88.550   0.000  25.000 0.000
   1238  17.250  88.750   0.000  25.000 0.820
   1238  17.250  88.950   0.000  25.000 0.820
   1238  17.250  89.150   0.000  25.000 0.820
   1238  17.250  89.350   0.000  25.000 0.820
   1238  17.250  89.550   0.000  25.000 0.820
   1238  17.250  89.750   0.000  25.000 0.820
   1238  17.250  89.950   0.000  25.000 0.820
   1238  17.250  87.550   0.000  50.000 0.000
   1238  17.250  87.750   0.000  50.000 0.000
   1238  17.250  87.950   0.000  50.000 0.000
   1238  17.250  88.150   0.000  50.000 0.000
   1238  17.250  88.350   0.000  50.000 0.000
   1238  17.250  88.550   0.000  50.000 0.000
   1238  17.250  88.750   0.000  50.000 0.820
   1238  17.250  88.950   0.000  50.000 0.820
   1238  17.250  89.150   0.000  50.000 0.820
   1238  17.250  89.350   0.000  50.000 0.820
   1238  17.250  89.550   0.000  50.000 0.820
   1238  17.250  89.750   0.000  50.000 0.820
   1238  17.250  89.950   0.000  50.000 0.820
   1238  17.250  87.550   0.000  75.000 0.000
   1238  17.250  87.750   0.000  75.000 0.000
   1238  17.250  87.950   0.000  75.000 0.000
   1238  17.250  88.150   0.000  75.000 0.000
   1238  17.250  88.350   0.000  75.000 0.000
   1238  17.250  88.550   0.000  75.000 0.000
   1238  17.250  88.750   0.000  75.000 0.820
   1238  17.250  88.950   0.000  75.000 0.820
   1238  17.250  89.150   0.000  75.000 0.820
   1238  17.250  89.350   0.000  75.000 0.820
   1238  17.250  89.550   0.000  75.000 0.820
   1238  17.250  89.750   0.000  75.000 0.820
   1238  17.250  87.550   0.000 100.000 0.000
   1238  17.250  87.750   0.000 100.000 0.000
   1238  17.250  87.950   0.000 100.000 0.000
   1238  17.250  88.150   0.000 100.000 0.000
   1238  17.250  88.350   0.000 100.000 0.000
   1238  17.250  88.550   0.000 100.000 0.000
   1238  17.250  88.750   0.000 100.000 0.819
   1238  17.250  88.950   0.000 100.000 0.820
   1238  17.250  89.150   0.000 100.000 0.820
   1238  17.250  89.350   0.000 100.000 0.820
   1238  17.250  89.550   0.000 100.000 0.820
   1238  17.250  89.750   0.000 100.000 0.820
   1238  17.250  87.550   0.000 150.000 0.000
   1238  17.250  87.750   0.000 150.000 0.000
   1238  17.250  87.950   0.000 150.000 0.000
   1238  17.250  88.150   0.000 150.000 0.000
   1238  17.250  88.350   0.000 150.000 0.000
   1238  17.250  88.550   0.000 150.000 0.000
   1238  17.250  88.750   0.000 150.000 0.705
   1238  17.250  88.950   0.000 150.000 0.820
   1238  17.250  89.150   0.000 150.000 0.820
   1238  17.250  89.350   0.000 150.000 0.820
   1238  17.250  89.550   0.000 150.000 0.820
   1238  17.250  89.750   0.000 150.000 0.820
   1238  17.250  87.550   0.000 225.000 0.000
   1238  17.250  87.750   0.000 225.000 0.000
   1238  17.250  87.950   0.000 225.000 0.000
   1238  17.250  88.150   0.000 225.000 0.000
   1238  17.250  88.350   0.000 225.000 0.000
   1238  17.250  88.550   0.000 225.000 0.000
   1238  17.250  88.750   0.000 225.000 0.000
   1238  17.250  88.950   0.000 225.000 0.820
   1238  17.250  89.150   0.000 225.000 0.820
   1238  17.250  89.350   0.000 225.000 0.820
   1238  17.250  89.550   0.000 225.000 0.820
   1238  17.250  87.550   0.000 300.000 0.000
   1238  17.250  87.750   0.000 300.000 0.000
   1238  17.250  87.950   0.000 300.000 0.000
   1238  17.250  88.150   0.000 300.000 0.000
   1238  17.250  88.350   0.000 300.000 0.000
   1238  17.250  88.550   0.000 300.000 0.000
   1238  17.250  88.750   0.000 300.000 0.000
   1238  17.250  88.950   0.000 300.000 0.820
   1238  17.250  89.150   0.000 300.000 0.820
   1238  17.250  89.350   0.000 300.000 0.820
   1238  17.250  89.550   0.000 300.000 0.820
   1238  17.250  87.550   0.000 400.000 0.000
   1238  17.250  87.750   0.000 400.000 0.000
   1238  17.250  87.950   0.000 400.000 0.000
   1238  17.250  88.150   0.000 400.000 0.000
   1238  17.250  88.350   0.000 400.000 0.000
   1238  17.250  88.550   0.000 400.000 0.000
   1238  17.250  88.750   0.000 400.000 0.000
   1238  17.250  88.950   0.000 400.000 0.001
   1238  17.250  89.150   0.000 400.000 0.820
   1238  17.250  89.350   0.000 400.000 0.820
   1238  17.250  89.550   0.000 400.000 0.820
   1238  17.250  87.550   0.000 500.000 0.000
   1238  17.250  87.750   0.000 500.000 0.000
   1238  17.250  87.950   0.000 500.000 0.000
   1238  17.250  88.150   0.000 500.000 0.000
   1238  17.250  88.350   0.000 500.000 0.000
   1238  17.250  88.550   0.000 500.000 0.000
   1238  17.250  88.750   0.000 500.000 0.000
   1238  17.250  88.950   0.000 500.000 0.000
   1238  17.250  89.150   0.000 500.000 0.592
   1238  17.250  89.350   0.000 500.000 0.820
   1238  17.500  88.300   0.000   0.000 0.000
   1238  17.500  88.500   0.000   0.000 0.548
   1238  17.500  88.700   0.000   0.000 0.820
   1238  17.500  88.900   0.000   0.000 0.820
   1238  17.500  89.100   0.000   0.000 0.820
   1238  17.500  89.300   0.000   0.000 0.820
   1238  17.500  89.500   0.000   0.000 0.820
   1238  17.500  89.700   0.000   0.000 0.820
   1238  17.500  89.900   0.000   0.000 0.820
   1238  17.500  88.300   0.000  25.000 0.000
   1238  17.500  88.500   0.000  25.000 0.000
   1238  17.500  88.700   0.000  25.000 0.820
   1238  17.500  88.900   0.000  25.000 0.820
   1238  17.500  89.100   0.000  25.000 0.820
   1238  17.500  89.300   0.000  25.000 0.820
   1238  17.500  89.500   0.000  25.000 0.820
   1238  17.500  89.700   0.000  25.000 0.820
   1238  17.500  89.900   0.000  25.000 0.820
   1238  17.500  88.300   0.000  50.000 0.000
   1238  17.500  88.500   0.000  50.000 0.000
   1238  17.500  88.700   0.000  50.000 0.820
   1238  17.500  88.900   0.000  50.000 0.820
   1238  17.500  89.100   0.000  50.000 0.820
   1238  17.500  89.300   0.000  50.000 0.820
   1238  17.500  89.500   0.000  50.000 0.820
   1238  17.500  89.700   0.000  50.000 0.820
   1238  17.500  89.900   0.000  50.000 0.820
   1238  17.500  88.300   0.000  75.000 0.000
   1238  17.500  88.500   0.000  75.000 0.000
   1238  17.500  88.700   0.000  75.000 0.820
   1238  17.500  88.900   0.000  75.000 0.820
   1238  17.500  89.100   0.000  75.000 0.820
   1238  17.500  89.300   0.000  75.000 0.820
   1238  17.500  89.500   0.000  75.000 0.820
   1238  17.500  89.700   0.000  75.000 0.820
   1238  17.500  89.900   0.000  75.000 0.820
   1238  17.500  88.300   0.000 100.000 0.000
   1238  17.500  88.500   0.000 100.000 0.000
   1238  17.500  88.700   0.000 100.000 0.820
   1238  17.500  88.900   0.000 100.000 0.820
   1238  17.500  89.100   0.000 100.000 0.820
   1238  17.500  89.300   0.000 100.000 0.820
   1238  17.500  89.500   0.000 100.000 0.820
   1238  17.500  89.700   0.000 100.000 0.820
   1238  17.500  89.900   0.000 100.000 0.820
   1238  17.500  88.300   0.000 150.000 0.000
   1238  17.500  88.500   0.000 150.000 0.000
   1238  17.500  88.700   0.000 150.000 0.820
   1238  17.500  88.900   0.000 150.000 0.820
   1238  17.500  89.100   0.000 150.000 0.820
   1238  17.500  89.300   0.000 150.000 0.820
   1238  17.500  89.500   0.000 150.000 0.820
   1238  17.500  89.700   0.000 150.000 0.820
   1238  17.500  89.900   0.000 150.000 0.820
   1238  17.500  88.300   0.000 200.000 0.000
   1238  17.500  88.500   0.000 200.000 0.000
   1238  17.500  88.700   0.000 200.000 0.610
   1238  17.500  88.900   0.000 200.000 0.820
   1238  17.500  89.100   0.000 200.000 0.820
   1238  17.500  89.300   0.000 200.000 0.820
   1238  17.500  89.500   0.000 200.000 0.820
   1238  17.500  89.700   0.000 200.000 0.820
   1238  17.500  89.900   0.000 200.000 0.820
   1238  17.500  88.300   0.000 300.000 0.000
   1238  17.500  88.500   0.000 300.000 0.000
   1238  17.500  88.700   0.000 300.000 0.000
   1238  17.500  88.900   0.000 300.000 0.820
   1238  17.500  89.100   0.000 300.000 0.820
   1238  17.500  89.300   0.000 300.000 0.820
   1238  17.500  89.500   0.000 300.000 0.820
   1238  17.500  89.700   0.000 300.000 0.820
   1238  17.500  89.900   0.000 300.000 0.820
   1238  17.500  88.300   0.000 500.000 0.000
   1238  17.500  88.500   0.000 500.000 0.000
   1238  17.500  88.700   0.000 500.000 0.000
   1238  17.500  88.900   0.000 500.000 0.000
   1238  17.500  89.100   0.000 500.000 0.820
   1238  17.500  89.300   0.000 500.000 0.820
   1238  17.500  89.500   0.000 500.000 0.820
   1238  17.500  89.700   0.000 500.000 0.820
   1238  17.500  89.900   0.000 500.000 0.820
   1238  17.500  88.300   0.000 800.000 0.000
   1238  17.500  88.500   0.000 800.000 0.000
   1238  17.500  88.700   0.000 800.000 0.000
   1238  17.500  88.900   0.000 800.000 0.000
   1238  17.500  89.100   0.000 800.000 0.053
   1238  17.500  89.300   0.000 800.000 0.820
   1238  17.500  89.500   0.000 800.000 0.820
   1238  17.500  89.700   0.000 800.000 0.820
   1238  17.500  89.900   0.000 800.000 0.820
   1238  17.750  87.550   0.000   0.000 0.000
   1238  17.750  87.750   0.000   0.000 0.000
   1238  17.750  87.950   0.000   0.000 0.000
   1238  17.750  88.150   0.000   0.000 0.000
   1238  17.750  88.350   0.000   0.000 0.000
   1238  17.750  88.550   0.000   0.000 0.820
   1238  17.750  88.750   0.000   0.000 0.820
   1238  17.750  88.950   0.000   0.000 0.820
   1238  17.750  89.150   0.000   0.000 0.820
   1238  17.750  89.350   0.000   0.000 0.820
   1238  17.750  89.550   0.000   0.000 0.820
   1238  17.750  89.750   0.000   0.000 0.820
   1238  17.750  89.950   0.000   0.000 0.820
   1238  17.750  87.550   0.000  50.000 0.000
   1238  17.750  87.750   0.000  50.000 0.000
   1238  17.750  87.950   0.000  50.000 0.000
   1238  17.750  88.150   0.000  50.000 0.000
   1238  17.750  88.350   0.000  50.000 0.000
   1238  17.750  88.550   0.000  50.000 0.820
   1238  17.750  88.750   0.000  50.000 0.820
   1238  17.750  88.950   0.000  50.000 0.820
   1238  17.750  89.150   0.000  50.000 0.820
   1238  17.750  89.350   0.000  50.000 0.820
   1238  17.750  89.550   0.000  50.000 0.820
   1238  17.750  89.750   0.000  50.000 0.820
   1238  17.750  89.950   0.000  50.000 0.820
   1238  17.750  87.550   0.000 100.000 0.000
   1238  17.750  87.750   0.000 100.000 0.000
   1238  17.750  87.950   0.000 100.000 0.000
   1238  17.750  88.150   0.000 100.000 0.000
   1238  17.750  88.350   0.000 100.000 0.000
   1238  17.750  88.550   0.000 100.000 0.820
   1238  17.750  88.750   0.000 100.000 0.820
   1238  17.750  88.950   0.000 100.000 0.820
   1238  17.750  89.150   0.000 100.000 0.820
   1238  17.750  89.350   0.000 100.000 0.820
   1238  17.750  89.550   0.000 100.000 0.820
   1238  17.750  89.750   0.000 100.000 0.820
   1238  17.750  87.550   0.000 150.000 0.000
   1238  17.750  87.750   0.000 150.000 0.000
   1238  17.750  87.950   0.000 150.000 0.000
   1238  17.750  88.150   0.000 150.000 0.000
   1238  17.750  88.350   0.000 150.000 0.000
   1238  17.750  88.550   0.000 150.000 0.814
   1238  17.750  88.750   0.000 150.000 0.820
   1238  17.750  88.950   0.000 150.000 0.820
   1238  17.750  89.150   0.000 150.000 0.820
   1238  17.750  89.350   0.000 150.000 0.820
   1238  17.750  89.550   0.000 150.000 0.820
   1238  17.750  89.750   0.000 150.000 0.820
   1238  17.750  87.550   0.000 200.000 0.000
   1238  17.750  87.750   0.000 200.000 0.000
   1238  17.750  87.950   0.000 200.000 0.000
   1238  17.750  88.150   0.000 200.000 0.000
   1238  17.750  88.350   0.000 200.000 0.000
   1238  17.750  88.550   0.000 200.000 0.000
   1238  17.750  88.750   0.000 200.000 0.820
   1238  17.750  88.950   0.000 200.000 0.820
   1238  17.750  89.150   0.000 200.000 0.820
   1238  17.750  89.350   0.000 200.000 0.820
   1238  17.750  89.550   0.000 200.000 0.820
   1238  17.750  87.550   0.000 250.000 0.000
   1238  17.750  87.750   0.000 250.000 0.000
   1238  17.750  87.950   0.000 250.000 0.000
   1238  17.750  88.150   0.000 250.000 0.000
   1238  17.750  88.350   0.000 250.000 0.000
   1238  17.750  88.550   0.000 250.000 0.000
   1238  17.750  88.750   0.000 250.000 0.820
   1238  17.750  88.950   0.000 250.000 0.820
   1238  17.750  89.150   0.000 250.000 0.820
   1238  17.750  89.350   0.000 250.000 0.820
   1238  17.750  89.550   0.000 250.000 0.820
   1238  17.750  87.550   0.000 300.000 0.000
   1238  17.750  87.750   0.000 300.000 0.000
   1238  17.750  87.950   0.000 300.000 0.000
   1238  17.750  88.150   0.000 300.000 0.000
   1238  17.750  88.350   0.000 300.000 0.000
   1238  17.750  88.550   0.000 300.000 0.000
   1238  17.750  88.750   0.000 300.000 0.820
   1238  17.750  88.950   0.000 300.000 0.820
   1238  17.750  89.150   0.000 300.000 0.820
   1238  17.750  89.350   0.000 300.000 0.820
   1238  17.750  89.550   0.000 300.000 0.820
   1238  17.750  87.550   0.000 400.000 0.000
   1238  17.750  87.750   0.000 400.000 0.000
   1238  17.750  87.950   0.000 400.000 0.000
   1238  17.750  88.150   0.000 400.000 0.000
   1238  17.750  88.350   0.000 400.000 0.000
   1238  17.750  88.550   0.000 400.000 0.000
   1238  17.750  88.750   0.000 400.000 0.232
   1238  17.750  88.950   0.000 400.000 0.820
   1238  17.750  89.150   0.000 400.000 0.820
   1238  17.750  89.350   0.000 400.000 0.820
   1238  17.750  89.550   0.000 400.000 0.820
   1238  17.750  87.550   0.000 500.000 0.000
   1238  17.750  87.750   0.000 500.000 0.000
   1238  17.750  87.950   0.000 500.000 0.000
   1238  17.750  88.150   0.000 500.000 0.000
   1238  17.750  88.350   0.000 500.000 0.000
   1238  17.750  88.550   0.000 500.000 0.000
   1238  17.750  88.750   0.000 500.000 0.000
   1238  17.750  88.950   0.000 500.000 0.820
   1238  17.750  89.150   0.000 500.000 0.820
   1238  17.750  89.350   0.000 500.000 0.820
   1238  17.750  87.550   0.000 700.000 0.000
   1238  17.750  87.750   0.000 700.000 0.000
   1238  17.750  87.950   0.000 700.000 0.000
   1238  17.750  88.150   0.000 700.000 0.000
   1238  17.750  88.350   0.000 700.000 0.000
   1238  17.750  88.550   0.000 700.000 0.000
   1238  17.750  88.750   0.000 700.000 0.000
   1238  17.750  88.950   0.000 700.000 0.180
   1238  17.750  89.150   0.000 700.000 0.820
   1238  17.750  89.350   0.000 700.000 0.820
   1238  17.750  87.550   0.000 900.000 0.000
   1238  17.750  87.750   0.000 900.000 0.000
   1238  17.750  87.950   0.000 900.000 0.000
   1238  17.750  88.150   0.000 900.000 0.000
   1238  17.750  88.350   0.000 900.000 0.000
   1238  17.750  88.550   0.000 900.000 0.000
   1238  17.750  88.750   0.000 900.000 0.000
   1238  17.750  88.950   0.000 900.000 0.000
   1238  17.750  89.150   0.000 900.000 0.809
   1238  17.750  87.550   0.000 1100.000 0.000
   1238  17.750  87.750   0.000 1100.000 0.000
   1238  17.750  87.950   0.000 1100.000 0.000
   1238  17.750  88.150   0.000 1100.000 0.000
   1238  17.750  88.350   0.000 1100.000 0.000
   1238  17.750  88.550   0.000 1100.000 0.000
   1238  17.750  88.750   0.000 1100.000 0.000
   1238  17.750  88.950   0.000 1100.000 0.000
   1238  18.000  87.550   0.000   0.000 0.000
   1238  18.000  87.750   0.000   0.000 0.000
   1238  18.000  87.950   0.000   0.000 0.000
   1238  18.000  88.150   0.000   0.000 0.000
   1238  18.000  88.350   0.000   0.000 0.820
   1238  18.000  88.550   0.000   0.000 0.820
   1238  18.000  88.750   0.000   0.000 0.820
   1238  18.000  88.950   0.000   0.000 0.820
   1238  18.000  89.150   0.000   0.000 0.820
   1238  18.000  89.350   0.000   0.000 0.820
   1238  18.000  89.550   0.000   0.000 0.820
   1238  18.000  89.750   0.000   0.000 0.820
   1238  18.000  89.950   0.000   0.000 0.820
   1238  18.000  87.550   0.000  50.000 0.000
   1238  18.000  87.750   0.000  50.000 0.000
   1238  18.000  87.950   0.000  50.000 0.000
   1238  18.000  88.150   0.000  50.000 0.000
   1238  18.000  88.350   0.000  50.000 0.820
   1238  18.000  88.550   0.000  50.000 0.820
   1238  18.000  88.750   0.000  50.000 0.820
   1238  18.000  88.950   0.000  50.000 0.820
   1238  18.000  89.150   0.000  50.000 0.820
   1238  18.000  89.350   0.000  50.000 0.820
   1238  18.000  89.550   0.000  50.000 0.820
   1238  18.000  89.750   0.000  50.000 0.820
   1238  18.000  89.950   0.000  50.000 0.820
   1238  18.000  87.550   0.000 100.000 0.000
   1238  18.000  87.750   0.000 100.000 0.000
   1238  18.000  87.950   0.000 100.000 0.000
   1238  18.000  88.150   0.000 100.000 0.000
   1238  18.000  88.350   0.000 100.000 0.816
   1238  18.000  88.550   0.000 100.000 0.820
   1238  18.000  88.750   0.000 100.000 0.820
   1238  18.000  88.950   0.000 100.000 0.820
   1238  18.000  89.150   0.000 100.000 0.820
   1238  18.000  89.350   0.000 100.000 0.820
   1238  18.000  89.550   0.000 100.000 0.820
   1238  18.000  89.750   0.000 100.000 0.820
   1238  18.000  87.550   0.000 150.000 0.000
   1238  18.000  87.750   0.000 150.000 0.000
   1238  18.000  87.950   0.000 150.000 0.000
   1238  18.000  88.150   0.000 150.000 0.000
   1238  18.000  88.350   0.000 150.000 0.000
   1238  18.000  88.550   0.000 150.000 0.820
   1238  18.000  88.750   0.000 150.000 0.820
   1238  18.000  88.950   0.000 150.000 0.820
   1238  18.000  89.150   0.000 150.000 0.820
   1238  18.000  89.350   0.000 150.000 0.820
   1238  18.000  89.550   0.000 150.000 0.820
   1238  18.000  89.750   0.000 150.000 0.820
   1238  18.000  87.550   0.000 200.000 0.000
   1238  18.000  87.750   0.000 200.000 0.000
   1238  18.000  87.950   0.000 200.000 0.000
   1238  18.000  88.150   0.000 200.000 0.000
   1238  18.000  88.350   0.000 200.000 0.000
   1238  18.000  88.550   0.000 200.000 0.820
   1238  18.000  88.750   0.000 200.000 0.820
   1238  18.000  88.950   0.000 200.000 0.820
   1238  18.000  89.150   0.000 200.000 0.820
   1238  18.000  89.350   0.000 200.000 0.820
   1238  18.000  89.550   0.000 200.000 0.820
   1238  18.000  87.550   0.000 250.000 0.000
   1238  18.000  87.750   0.000 250.000 0.000
   1238  18.000  87.950   0.000 250.000 0.000
   1238  18.000  88.150   0.000 250.000 0.000
   1238  18.000  88.350   0.000 250.000 0.000
   1238  18.000  88.550   0.000 250.000 0.820
   1238  18.000  88.750   0.000 250.000 0.820
   1238  18.000  88.950   0.000 250.000 0.820
   1238  18.000  89.150   0.000 250.000 0.820
   1238  18.000  89.350   0.000 250.000 0.820
   1238  18.000  89.550   0.000 250.000 0.820
   1238  18.000  87.550   0.000 300.000 0.000
   1238  18.000  87.750   0.000 300.000 0.000
   1238  18.000  87.950   0.000 300.000 0.000
   1238  18.000  88.150   0.000 300.000 0.000
   1238  18.000  88.350   0.000 300.000 0.000
   1238  18.000  88.550   0.000 300.000 0.820
   1238  18.000  88.750   0.000 300.000 0.820
   1238  18.000  88.950   0.000 300.000 0.820
   1238  18.000  89.150   0.000 300.000 0.820
   1238  18.000  89.350   0.000 300.000 0.820
   1238  18.000  89.550   0.000 300.000 0.820
   1238  18.000  87.550   0.000 400.000 0.000
   1238  18.000  87.750   0.000 400.000 0.000
   1238  18.000  87.950   0.000 400.000 0.000
   1238  18.000  88.150   0.000 400.000 0.000
   1238  18.000  88.350   0.000 400.000 0.000
   1238  18.000  88.550   0.000 400.000 0.000
   1238  18.000  88.750   0.000 400.000 0.820
   1238  18.000  88.950   0.000 400.000 0.820
   1238  18.000  89.150   0.000 400.000 0.820
   1238  18.000  89.350   0.000 400.000 0.820
   1238  18.000  89.550   0.000 400.000 0.820
   1238  18.000  87.550   0.000 500.000 0.000
   1238  18.000  87.750   0.000 500.000 0.000
   1238  18.000  87.950   0.000 500.000 0.000
   1238  18.000  88.150   0.000 500.000 0.000
   1238  18.000  88.350   0.000 500.000 0.000
   1238  18.000  88.550   0.000 500.000 0.000
   1238  18.000  88.750   0.000 500.000 0.820
   1238  18.000  88.950   0.000 500.000 0.820
   1238  18.000  89.150   0.000 500.000 0.820
   1238  18.000  89.350   0.000 500.000 0.820
   1238  18.000  87.550   0.000 700.000 0.000
   1238  18.000  87.750   0.000 700.000 0.000
   1238  18.000  87.950   0.000 700.000 0.000
   1238  18.000  88.150   0.000 700.000 0.000
   1238  18.000  88.350   0.000 700.000 0.000
   1238  18.000  88.550   0.000 700.000 0.000
   1238  18.000  88.750   0.000 700.000 0.002
   1238  18.000  88.950   0.000 700.000 0.820
   1238  18.000  89.150   0.000 700.000 0.820
   1238  18.000  89.350   0.000 700.000 0.820
   1238  18.000  87.550   0.000 900.000 0.000
   1238  18.000  87.750   0.000 900.000 0.000
   1238  18.000  87.950   0.000 900.000 0.000
   1238  18.000  88.150   0.000 900.000 0.000
   1238  18.000  88.350   0.000 900.000 0.000
   1238  18.000  88.550   0.000 900.000 0.000
   1238  18.000  88.750   0.000 900.000 0.000
   1238  18.000  88.950   0.000 900.000 0.170
   1238  18.000  89.150   0.000 900.000 0.820
   1238  18.000  87.550   0.000 1100.000 0.000
   1238  18.000  87.750   0.000 1100.000 0.000
   1238  18.000  87.950   0.000 1100.000 0.000
   1238  18.000  88.150   0.000 1100.000 0.000
   1238  18.000  88.350   0.000 1100.000 0.000
   1238  18.000  88.550   0.000 1100.000 0.000
   1238  18.000  88.750   0.000 1100.000 0.000
   1238  18.000  88.950   0.000 1100.000 0.000
