#	200 07 0500 6000 090 1.00 de
   1238  16.500  87.550   0.000   0.000 0.000
   1238  16.500  87.750   0.000   0.000 0.000
   1238  16.500  87.950   0.000   0.000 0.000
   1238  16.500  88.150   0.000   0.000 0.000
   1238  16.500  88.350   0.000   0.000 0.000
   1238  16.500  88.550   0.000   0.000 0.000
   1238  16.500  88.750   0.000   0.000 0.000
   1238  16.500  88.950   0.000   0.000 0.003
   1238  16.500  89.150   0.000   0.000 0.016
   1238  16.500  89.350   0.000   0.000 0.018
   1238  16.500  89.550   0.000   0.000 0.004
   1238  16.500  89.750   0.000   0.000 0.011
   1238  16.500  89.950   0.000   0.000 0.007
   1238  16.500  87.550   0.000  25.000 0.000
   1238  16.500  87.750   0.000  25.000 0.000
   1238  16.500  87.950   0.000  25.000 0.000
   1238  16.500  88.150   0.000  25.000 0.000
   1238  16.500  88.350   0.000  25.000 0.000
   1238  16.500  88.550   0.000  25.000 0.000
   1238  16.500  88.750   0.000  25.000 0.000
   1238  16.500  88.950   0.000  25.000 0.000
   1238  16.500  89.150   0.000  25.000 0.011
   1238  16.500  89.350   0.000  25.000 0.007
   1238  16.500  89.550   0.000  25.000 0.012
   1238  16.500  89.750   0.000  25.000 0.012
   1238  16.500  89.950   0.000  25.000 0.004
   1238  16.500  87.550   0.000  50.000 0.000
   1238  16.500  87.750   0.000  50.000 0.000
   1238  16.500  87.950   0.000  50.000 0.000
   1238  16.500  88.150   0.000  50.000 0.000
   1238  16.500  88.350   0.000  50.000 0.000
   1238  16.500  88.550   0.000  50.000 0.000
   1238  16.500  88.750   0.000  50.000 0.000
   1238  16.500  88.950   0.000  50.000 0.000
   1238  16.500  89.150   0.000  50.000 0.004
   1238  16.500  89.350   0.000  50.000 0.007
   1238  16.500  89.550   0.000  50.000 0.008
   1238  16.500  89.750   0.000  50.000 0.004
   1238  16.500  89.950   0.000  50.000 0.005
   1238  16.500  87.550   0.000  75.000 0.000
   1238  16.500  87.750   0.000  75.000 0.000
   1238  16.500  87.950   0.000  75.000 0.000
   1238  16.500  88.150   0.000  75.000 0.000
   1238  16.500  88.350   0.000  75.000 0.000
   1238  16.500  88.550   0.000  75.000 0.000
   1238  16.500  88.750   0.000  75.000 0.000
   1238  16.500  88.950   0.000  75.000 0.000
   1238  16.500  89.150   0.000  75.000 0.002
   1238  16.500  89.350   0.000  75.000 0.004
   1238  16.500  89.550   0.000  75.000 0.010
   1238  16.500  89.750   0.000  75.000 0.012
   1238  16.500  87.550   0.000 100.000 0.000
   1238  16.500  87.750   0.000 100.000 0.000
   1238  16.500  87.950   0.000 100.000 0.000
   1238  16.500  88.150   0.000 100.000 0.000
   1238  16.500  88.350   0.000 100.000 0.000
   1238  16.500  88.550   0.000 100.000 0.000
   1238  16.500  88.750   0.000 100.000 0.000
   1238  16.500  88.950   0.000 100.000 0.000
   1238  16.500  89.150   0.000 100.000 0.000
   1238  16.500  89.350   0.000 100.000 0.010
   1238  16.500  89.550   0.000 100.000 0.009
   1238  16.500  89.750   0.000 100.000 0.007
   1238  16.500  87.550   0.000 125.000 0.000
   1238  16.500  87.750   0.000 125.000 0.000
   1238  16.500  87.950   0.000 125.000 0.000
   1238  16.500  88.150   0.000 125.000 0.000
   1238  16.500  88.350   0.000 125.000 0.000
   1238  16.500  88.550   0.000 125.000 0.000
   1238  16.500  88.750   0.000 125.000 0.000
   1238  16.500  88.950   0.000 125.000 0.000
   1238  16.500  89.150   0.000 125.000 0.000
   1238  16.500  89.350   0.000 125.000 0.003
   1238  16.500  89.550   0.000 125.000 0.008
   1238  16.500  89.750   0.000 125.000 0.007
   1238  16.500  87.550   0.000 150.000 0.000
   1238  16.500  87.750   0.000 150.000 0.000
   1238  16.500  87.950   0.000 150.000 0.000
   1238  16.500  88.150   0.000 150.000 0.000
   1238  16.500  88.350   0.000 150.000 0.000
   1238  16.500  88.550   0.000 150.000 0.000
   1238  16.500  88.750   0.000 150.000 0.000
   1238  16.500  88.950   0.000 150.000 0.000
   1238  16.500  89.150   0.000 150.000 0.000
   1238  16.500  89.350   0.000 150.000 0.002
   1238  16.500  89.550   0.000 150.000 0.007
   1238  16.500  89.750   0.000 150.000 0.006
   1238  16.750  87.550   0.000   0.000 0.000
   1238  16.750  87.750   0.000   0.000 0.000
   1238  16.750  87.950   0.000   0.000 0.000
   1238  16.750  88.150   0.000   0.000 0.000
   1238  16.750  88.350   0.000   0.000 0.000
   1238  16.750  88.550   0.000   0.000 0.000
   1238  16.750  88.750   0.000   0.000 0.000
   1238  16.750  88.950   0.000   0.000 0.604
   1238  16.750  89.150   0.000   0.000 0.480
   1238  16.750  89.350   0.000   0.000 0.365
   1238  16.750  89.550   0.000   0.000 0.181
   1238  16.750  89.750   0.000   0.000 0.120
   1238  16.750  89.950   0.000   0.000 0.075
   1238  16.750  87.550   0.000  25.000 0.000
   1238  16.750  87.750   0.000  25.000 0.000
   1238  16.750  87.950   0.000  25.000 0.000
   1238  16.750  88.150   0.000  25.000 0.000
   1238  16.750  88.350   0.000  25.000 0.000
   1238  16.750  88.550   0.000  25.000 0.000
   1238  16.750  88.750   0.000  25.000 0.000
   1238  16.750  88.950   0.000  25.000 0.425
   1238  16.750  89.150   0.000  25.000 0.471
   1238  16.750  89.350   0.000  25.000 0.294
   1238  16.750  89.550   0.000  25.000 0.196
   1238  16.750  89.750   0.000  25.000 0.124
   1238  16.750  89.950   0.000  25.000 0.107
   1238  16.750  87.550   0.000  50.000 0.000
   1238  16.750  87.750   0.000  50.000 0.000
   1238  16.750  87.950   0.000  50.000 0.000
   1238  16.750  88.150   0.000  50.000 0.000
   1238  16.750  88.350   0.000  50.000 0.000
   1238  16.750  88.550   0.000  50.000 0.000
   1238  16.750  88.750   0.000  50.000 0.000
   1238  16.750  88.950   0.000  50.000 0.180
   1238  16.750  89.150   0.000  50.000 0.393
   1238  16.750  89.350   0.000  50.000 0.357
   1238  16.750  89.550   0.000  50.000 0.201
   1238  16.750  89.750   0.000  50.000 0.116
   1238  16.750  89.950   0.000  50.000 0.080
   1238  16.750  87.550   0.000  75.000 0.000
   1238  16.750  87.750   0.000  75.000 0.000
   1238  16.750  87.950   0.000  75.000 0.000
   1238  16.750  88.150   0.000  75.000 0.000
   1238  16.750  88.350   0.000  75.000 0.000
   1238  16.750  88.550   0.000  75.000 0.000
   1238  16.750  88.750   0.000  75.000 0.000
   1238  16.750  88.950   0.000  75.000 0.034
   1238  16.750  89.150   0.000  75.000 0.385
   1238  16.750  89.350   0.000  75.000 0.328
   1238  16.750  89.550   0.000  75.000 0.218
   1238  16.750  89.750   0.000  75.000 0.118
   1238  16.750  87.550   0.000 100.000 0.000
   1238  16.750  87.750   0.000 100.000 0.000
   1238  16.750  87.950   0.000 100.000 0.000
   1238  16.750  88.150   0.000 100.000 0.000
   1238  16.750  88.350   0.000 100.000 0.000
   1238  16.750  88.550   0.000 100.000 0.000
   1238  16.750  88.750   0.000 100.000 0.000
   1238  16.750  88.950   0.000 100.000 0.004
   1238  16.750  89.150   0.000 100.000 0.233
   1238  16.750  89.350   0.000 100.000 0.259
   1238  16.750  89.550   0.000 100.000 0.224
   1238  16.750  89.750   0.000 100.000 0.130
   1238  16.750  87.550   0.000 125.000 0.000
   1238  16.750  87.750   0.000 125.000 0.000
   1238  16.750  87.950   0.000 125.000 0.000
   1238  16.750  88.150   0.000 125.000 0.000
   1238  16.750  88.350   0.000 125.000 0.000
   1238  16.750  88.550   0.000 125.000 0.000
   1238  16.750  88.750   0.000 125.000 0.000
   1238  16.750  88.950   0.000 125.000 0.000
   1238  16.750  89.150   0.000 125.000 0.172
   1238  16.750  89.350   0.000 125.000 0.231
   1238  16.750  89.550   0.000 125.000 0.185
   1238  16.750  89.750   0.000 125.000 0.107
   1238  16.750  87.550   0.000 150.000 0.000
   1238  16.750  87.750   0.000 150.000 0.000
   1238  16.750  87.950   0.000 150.000 0.000
   1238  16.750  88.150   0.000 150.000 0.000
   1238  16.750  88.350   0.000 150.000 0.000
   1238  16.750  88.550   0.000 150.000 0.000
   1238  16.750  88.750   0.000 150.000 0.000
   1238  16.750  88.950   0.000 150.000 0.000
   1238  16.750  89.150   0.000 150.000 0.091
   1238  16.750  89.350   0.000 150.000 0.178
   1238  16.750  89.550   0.000 150.000 0.167
   1238  16.750  89.750   0.000 150.000 0.134
   1238  16.750  87.550   0.000 175.000 0.000
   1238  16.750  87.750   0.000 175.000 0.000
   1238  16.750  87.950   0.000 175.000 0.000
   1238  16.750  88.150   0.000 175.000 0.000
   1238  16.750  88.350   0.000 175.000 0.000
   1238  16.750  88.550   0.000 175.000 0.000
   1238  16.750  88.750   0.000 175.000 0.000
   1238  16.750  88.950   0.000 175.000 0.000
   1238  16.750  89.150   0.000 175.000 0.040
   1238  16.750  89.350   0.000 175.000 0.159
   1238  16.750  89.550   0.000 175.000 0.164
   1238  16.750  89.750   0.000 175.000 0.126
   1238  16.750  87.550   0.000 200.000 0.000
   1238  16.750  87.750   0.000 200.000 0.000
   1238  16.750  87.950   0.000 200.000 0.000
   1238  16.750  88.150   0.000 200.000 0.000
   1238  16.750  88.350   0.000 200.000 0.000
   1238  16.750  88.550   0.000 200.000 0.000
   1238  16.750  88.750   0.000 200.000 0.000
   1238  16.750  88.950   0.000 200.000 0.000
   1238  16.750  89.150   0.000 200.000 0.021
   1238  16.750  89.350   0.000 200.000 0.172
   1238  16.750  89.550   0.000 200.000 0.169
   1238  17.000  88.700   0.000   0.000 0.175
   1238  17.000  88.900   0.000   0.000 0.820
   1238  17.000  89.100   0.000   0.000 0.793
   1238  17.000  89.300   0.000   0.000 0.756
   1238  17.000  89.500   0.000   0.000 0.655
   1238  17.000  89.700   0.000   0.000 0.559
   1238  17.000  89.900   0.000   0.000 0.435
   1238  17.000  88.700   0.000  25.000 0.713
   1238  17.000  88.900   0.000  25.000 0.820
   1238  17.000  89.100   0.000  25.000 0.813
   1238  17.000  89.300   0.000  25.000 0.777
   1238  17.000  89.500   0.000  25.000 0.730
   1238  17.000  89.700   0.000  25.000 0.566
   1238  17.000  89.900   0.000  25.000 0.475
   1238  17.000  88.700   0.000  50.000 0.048
   1238  17.000  88.900   0.000  50.000 0.820
   1238  17.000  89.100   0.000  50.000 0.810
   1238  17.000  89.300   0.000  50.000 0.760
   1238  17.000  89.500   0.000  50.000 0.733
   1238  17.000  89.700   0.000  50.000 0.616
   1238  17.000  89.900   0.000  50.000 0.561
   1238  17.000  88.700   0.000  75.000 0.000
   1238  17.000  88.900   0.000  75.000 0.820
   1238  17.000  89.100   0.000  75.000 0.817
   1238  17.000  89.300   0.000  75.000 0.762
   1238  17.000  89.500   0.000  75.000 0.750
   1238  17.000  89.700   0.000  75.000 0.655
   1238  17.000  89.900   0.000  75.000 0.569
   1238  17.000  88.700   0.000 100.000 0.000
   1238  17.000  88.900   0.000 100.000 0.817
   1238  17.000  89.100   0.000 100.000 0.812
   1238  17.000  89.300   0.000 100.000 0.774
   1238  17.000  89.500   0.000 100.000 0.731
   1238  17.000  89.700   0.000 100.000 0.654
   1238  17.000  89.900   0.000 100.000 0.574
   1238  17.000  88.700   0.000 150.000 0.000
   1238  17.000  88.900   0.000 150.000 0.765
   1238  17.000  89.100   0.000 150.000 0.813
   1238  17.000  89.300   0.000 150.000 0.760
   1238  17.000  89.500   0.000 150.000 0.725
   1238  17.000  89.700   0.000 150.000 0.633
   1238  17.000  89.900   0.000 150.000 0.550
   1238  17.000  88.700   0.000 200.000 0.000
   1238  17.000  88.900   0.000 200.000 0.483
   1238  17.000  89.100   0.000 200.000 0.812
   1238  17.000  89.300   0.000 200.000 0.772
   1238  17.000  89.500   0.000 200.000 0.746
   1238  17.000  89.700   0.000 200.000 0.697
   1238  17.000  89.900   0.000 200.000 0.530
   1238  17.000  88.700   0.000 300.000 0.000
   1238  17.000  88.900   0.000 300.000 0.000
   1238  17.000  89.100   0.000 300.000 0.773
   1238  17.000  89.300   0.000 300.000 0.779
   1238  17.000  89.500   0.000 300.000 0.735
   1238  17.000  89.700   0.000 300.000 0.661
   1238  17.000  89.900   0.000 300.000 0.531
   1238  17.000  88.700   0.000 500.000 0.000
   1238  17.000  88.900   0.000 500.000 0.000
   1238  17.000  89.100   0.000 500.000 0.000
   1238  17.000  89.300   0.000 500.000 0.622
   1238  17.000  89.500   0.000 500.000 0.673
   1238  17.000  89.700   0.000 500.000 0.582
   1238  17.000  89.900   0.000 500.000 0.534
   1238  17.000  88.700   0.000 800.000 0.000
   1238  17.000  88.900   0.000 800.000 0.000
   1238  17.000  89.100   0.000 800.000 0.000
   1238  17.000  89.300   0.000 800.000 0.002
   1238  17.000  89.500   0.000 800.000 0.548
   1238  17.000  89.700   0.000 800.000 0.649
   1238  17.000  89.900   0.000 800.000 0.626
   1238  17.250  87.550   0.000   0.000 0.000
   1238  17.250  87.750   0.000   0.000 0.000
   1238  17.250  87.950   0.000   0.000 0.000
   1238  17.250  88.150   0.000   0.000 0.000
   1238  17.250  88.350   0.000   0.000 0.000
   1238  17.250  88.550   0.000   0.000 0.000
   1238  17.250  88.750   0.000   0.000 0.820
   1238  17.250  88.950   0.000   0.000 0.820
   1238  17.250  89.150   0.000   0.000 0.820
   1238  17.250  89.350   0.000   0.000 0.806
   1238  17.250  89.550   0.000   0.000 0.777
   1238  17.250  89.750   0.000   0.000 0.752
   1238  17.250  89.950   0.000   0.000 0.722
   1238  17.250  87.550   0.000  25.000 0.000
   1238  17.250  87.750   0.000  25.000 0.000
   1238  17.250  87.950   0.000  25.000 0.000
   1238  17.250  88.150   0.000  25.000 0.000
   1238  17.250  88.350   0.000  25.000 0.000
   1238  17.250  88.550   0.000  25.000 0.000
   1238  17.250  88.750   0.000  25.000 0.818
   1238  17.250  88.950   0.000  25.000 0.820
   1238  17.250  89.150   0.000  25.000 0.820
   1238  17.250  89.350   0.000  25.000 0.804
   1238  17.250  89.550   0.000  25.000 0.774
   1238  17.250  89.750   0.000  25.000 0.740
   1238  17.250  89.950   0.000  25.000 0.750
   1238  17.250  87.550   0.000  50.000 0.000
   1238  17.250  87.750   0.000  50.000 0.000
   1238  17.250  87.950   0.000  50.000 0.000
   1238  17.250  88.150   0.000  50.000 0.000
   1238  17.250  88.350   0.000  50.000 0.000
   1238  17.250  88.550   0.000  50.000 0.000
   1238  17.250  88.750   0.000  50.000 0.820
   1238  17.250  88.950   0.000  50.000 0.820
   1238  17.250  89.150   0.000  50.000 0.820
   1238  17.250  89.350   0.000  50.000 0.816
   1238  17.250  89.550   0.000  50.000 0.774
   1238  17.250  89.750   0.000  50.000 0.763
   1238  17.250  89.950   0.000  50.000 0.734
   1238  17.250  87.550   0.000  75.000 0.000
   1238  17.250  87.750   0.000  75.000 0.000
   1238  17.250  87.950   0.000  75.000 0.000
   1238  17.250  88.150   0.000  75.000 0.000
   1238  17.250  88.350   0.000  75.000 0.000
   1238  17.250  88.550   0.000  75.000 0.000
   1238  17.250  88.750   0.000  75.000 0.810
   1238  17.250  88.950   0.000  75.000 0.820
   1238  17.250  89.150   0.000  75.000 0.820
   1238  17.250  89.350   0.000  75.000 0.819
   1238  17.250  89.550   0.000  75.000 0.778
   1238  17.250  89.750   0.000  75.000 0.768
   1238  17.250  87.550   0.000 100.000 0.000
   1238  17.250  87.750   0.000 100.000 0.000
   1238  17.250  87.950   0.000 100.000 0.000
   1238  17.250  88.150   0.000 100.000 0.000
   1238  17.250  88.350   0.000 100.000 0.000
   1238  17.250  88.550   0.000 100.000 0.000
   1238  17.250  88.750   0.000 100.000 0.743
   1238  17.250  88.950   0.000 100.000 0.820
   1238  17.250  89.150   0.000 100.000 0.820
   1238  17.250  89.350   0.000 100.000 0.818
   1238  17.250  89.550   0.000 100.000 0.797
   1238  17.250  89.750   0.000 100.000 0.769
   1238  17.250  87.550   0.000 150.000 0.000
   1238  17.250  87.750   0.000 150.000 0.000
   1238  17.250  87.950   0.000 150.000 0.000
   1238  17.250  88.150   0.000 150.000 0.000
   1238  17.250  88.350   0.000 150.000 0.000
   1238  17.250  88.550   0.000 150.000 0.000
   1238  17.250  88.750   0.000 150.000 0.677
   1238  17.250  88.950   0.000 150.000 0.820
   1238  17.250  89.150   0.000 150.000 0.820
   1238  17.250  89.350   0.000 150.000 0.819
   1238  17.250  89.550   0.000 150.000 0.806
   1238  17.250  89.750   0.000 150.000 0.775
   1238  17.250  87.550   0.000 225.000 0.000
   1238  17.250  87.750   0.000 225.000 0.000
   1238  17.250  87.950   0.000 225.000 0.000
   1238  17.250  88.150   0.000 225.000 0.000
   1238  17.250  88.350   0.000 225.000 0.000
   1238  17.250  88.550   0.000 225.000 0.000
   1238  17.250  88.750   0.000 225.000 0.002
   1238  17.250  88.950   0.000 225.000 0.820
   1238  17.250  89.150   0.000 225.000 0.820
   1238  17.250  89.350   0.000 225.000 0.820
   1238  17.250  89.550   0.000 225.000 0.810
   1238  17.250  87.550   0.000 300.000 0.000
   1238  17.250  87.750   0.000 300.000 0.000
   1238  17.250  87.950   0.000 300.000 0.000
   1238  17.250  88.150   0.000 300.000 0.000
   1238  17.250  88.350   0.000 300.000 0.000
   1238  17.250  88.550   0.000 300.000 0.000
   1238  17.250  88.750   0.000 300.000 0.000
   1238  17.250  88.950   0.000 300.000 0.791
   1238  17.250  89.150   0.000 300.000 0.820
   1238  17.250  89.350   0.000 300.000 0.820
   1238  17.250  89.550   0.000 300.000 0.814
   1238  17.250  87.550   0.000 400.000 0.000
   1238  17.250  87.750   0.000 400.000 0.000
   1238  17.250  87.950   0.000 400.000 0.000
   1238  17.250  88.150   0.000 400.000 0.000
   1238  17.250  88.350   0.000 400.000 0.000
   1238  17.250  88.550   0.000 400.000 0.000
   1238  17.250  88.750   0.000 400.000 0.000
   1238  17.250  88.950   0.000 400.000 0.091
   1238  17.250  89.150   0.000 400.000 0.820
   1238  17.250  89.350   0.000 400.000 0.820
   1238  17.250  89.550   0.000 400.000 0.816
   1238  17.250  87.550   0.000 500.000 0.000
   1238  17.250  87.750   0.000 500.000 0.000
   1238  17.250  87.950   0.000 500.000 0.000
   1238  17.250  88.150   0.000 500.000 0.000
   1238  17.250  88.350   0.000 500.000 0.000
   1238  17.250  88.550   0.000 500.000 0.000
   1238  17.250  88.750   0.000 500.000 0.000
   1238  17.250  88.950   0.000 500.000 0.000
   1238  17.250  89.150   0.000 500.000 0.473
   1238  17.250  89.350   0.000 500.000 0.819
   1238  17.500  88.300   0.000   0.000 0.000
   1238  17.500  88.500   0.000   0.000 0.768
   1238  17.500  88.700   0.000   0.000 0.820
   1238  17.500  88.900   0.000   0.000 0.820
   1238  17.500  89.100   0.000   0.000 0.820
   1238  17.500  89.300   0.000   0.000 0.820
   1238  17.500  89.500   0.000   0.000 0.820
   1238  17.500  89.700   0.000   0.000 0.817
   1238  17.500  89.900   0.000   0.000 0.819
   1238  17.500  88.300   0.000  25.000 0.000
   1238  17.500  88.500   0.000  25.000 0.033
   1238  17.500  88.700   0.000  25.000 0.820
   1238  17.500  88.900   0.000  25.000 0.820
   1238  17.500  89.100   0.000  25.000 0.820
   1238  17.500  89.300   0.000  25.000 0.820
   1238  17.500  89.500   0.000  25.000 0.820
   1238  17.500  89.700   0.000  25.000 0.819
   1238  17.500  89.900   0.000  25.000 0.818
   1238  17.500  88.300   0.000  50.000 0.000
   1238  17.500  88.500   0.000  50.000 0.000
   1238  17.500  88.700   0.000  50.000 0.820
   1238  17.500  88.900   0.000  50.000 0.820
   1238  17.500  89.100   0.000  50.000 0.820
   1238  17.500  89.300   0.000  50.000 0.820
   1238  17.500  89.500   0.000  50.000 0.820
   1238  17.500  89.700   0.000  50.000 0.819
   1238  17.500  89.900   0.000  50.000 0.818
   1238  17.500  88.300   0.000  75.000 0.000
   1238  17.500  88.500   0.000  75.000 0.000
   1238  17.500  88.700   0.000  75.000 0.820
   1238  17.500  88.900   0.000  75.000 0.820
   1238  17.500  89.100   0.000  75.000 0.820
   1238  17.500  89.300   0.000  75.000 0.820
   1238  17.500  89.500   0.000  75.000 0.820
   1238  17.500  89.700   0.000  75.000 0.820
   1238  17.500  89.900   0.000  75.000 0.817
   1238  17.500  88.300   0.000 100.000 0.000
   1238  17.500  88.500   0.000 100.000 0.000
   1238  17.500  88.700   0.000 100.000 0.820
   1238  17.500  88.900   0.000 100.000 0.820
   1238  17.500  89.100   0.000 100.000 0.820
   1238  17.500  89.300   0.000 100.000 0.820
   1238  17.500  89.500   0.000 100.000 0.820
   1238  17.500  89.700   0.000 100.000 0.819
   1238  17.500  89.900   0.000 100.000 0.818
   1238  17.500  88.300   0.000 150.000 0.000
   1238  17.500  88.500   0.000 150.000 0.000
   1238  17.500  88.700   0.000 150.000 0.806
   1238  17.500  88.900   0.000 150.000 0.820
   1238  17.500  89.100   0.000 150.000 0.820
   1238  17.500  89.300   0.000 150.000 0.820
   1238  17.500  89.500   0.000 150.000 0.820
   1238  17.500  89.700   0.000 150.000 0.820
   1238  17.500  89.900   0.000 150.000 0.818
   1238  17.500  88.300   0.000 200.000 0.000
   1238  17.500  88.500   0.000 200.000 0.000
   1238  17.500  88.700   0.000 200.000 0.686
   1238  17.500  88.900   0.000 200.000 0.820
   1238  17.500  89.100   0.000 200.000 0.820
   1238  17.500  89.300   0.000 200.000 0.820
   1238  17.500  89.500   0.000 200.000 0.820
   1238  17.500  89.700   0.000 200.000 0.820
   1238  17.500  89.900   0.000 200.000 0.820
   1238  17.500  88.300   0.000 300.000 0.000
   1238  17.500  88.500   0.000 300.000 0.000
   1238  17.500  88.700   0.000 300.000 0.009
   1238  17.500  88.900   0.000 300.000 0.818
   1238  17.500  89.100   0.000 300.000 0.820
   1238  17.500  89.300   0.000 300.000 0.820
   1238  17.500  89.500   0.000 300.000 0.820
   1238  17.500  89.700   0.000 300.000 0.820
   1238  17.500  89.900   0.000 300.000 0.820
   1238  17.500  88.300   0.000 500.000 0.000
   1238  17.500  88.500   0.000 500.000 0.000
   1238  17.500  88.700   0.000 500.000 0.000
   1238  17.500  88.900   0.000 500.000 0.020
   1238  17.500  89.100   0.000 500.000 0.819
   1238  17.500  89.300   0.000 500.000 0.820
   1238  17.500  89.500   0.000 500.000 0.820
   1238  17.500  89.700   0.000 500.000 0.820
   1238  17.500  89.900   0.000 500.000 0.820
   1238  17.500  88.300   0.000 800.000 0.000
   1238  17.500  88.500   0.000 800.000 0.000
   1238  17.500  88.700   0.000 800.000 0.000
   1238  17.500  88.900   0.000 800.000 0.000
   1238  17.500  89.100   0.000 800.000 0.068
   1238  17.500  89.300   0.000 800.000 0.815
   1238  17.500  89.500   0.000 800.000 0.820
   1238  17.500  89.700   0.000 800.000 0.820
   1238  17.500  89.900   0.000 800.000 0.820
   1238  17.750  87.550   0.000   0.000 0.000
   1238  17.750  87.750   0.000   0.000 0.000
   1238  17.750  87.950   0.000   0.000 0.000
   1238  17.750  88.150   0.000   0.000 0.000
   1238  17.750  88.350   0.000   0.000 0.704
   1238  17.750  88.550   0.000   0.000 0.820
   1238  17.750  88.750   0.000   0.000 0.820
   1238  17.750  88.950   0.000   0.000 0.820
   1238  17.750  89.150   0.000   0.000 0.820
   1238  17.750  89.350   0.000   0.000 0.820
   1238  17.750  89.550   0.000   0.000 0.820
   1238  17.750  89.750   0.000   0.000 0.820
   1238  17.750  89.950   0.000   0.000 0.820
   1238  17.750  87.550   0.000  50.000 0.000
   1238  17.750  87.750   0.000  50.000 0.000
   1238  17.750  87.950   0.000  50.000 0.000
   1238  17.750  88.150   0.000  50.000 0.000
   1238  17.750  88.350   0.000  50.000 0.000
   1238  17.750  88.550   0.000  50.000 0.820
   1238  17.750  88.750   0.000  50.000 0.820
   1238  17.750  88.950   0.000  50.000 0.820
   1238  17.750  89.150   0.000  50.000 0.820
   1238  17.750  89.350   0.000  50.000 0.820
   1238  17.750  89.550   0.000  50.000 0.820
   1238  17.750  89.750   0.000  50.000 0.820
   1238  17.750  89.950   0.000  50.000 0.820
   1238  17.750  87.550   0.000 100.000 0.000
   1238  17.750  87.750   0.000 100.000 0.000
   1238  17.750  87.950   0.000 100.000 0.000
   1238  17.750  88.150   0.000 100.000 0.000
   1238  17.750  88.350   0.000 100.000 0.000
   1238  17.750  88.550   0.000 100.000 0.820
   1238  17.750  88.750   0.000 100.000 0.820
   1238  17.750  88.950   0.000 100.000 0.820
   1238  17.750  89.150   0.000 100.000 0.820
   1238  17.750  89.350   0.000 100.000 0.820
   1238  17.750  89.550   0.000 100.000 0.820
   1238  17.750  89.750   0.000 100.000 0.820
   1238  17.750  87.550   0.000 150.000 0.000
   1238  17.750  87.750   0.000 150.000 0.000
   1238  17.750  87.950   0.000 150.000 0.000
   1238  17.750  88.150   0.000 150.000 0.000
   1238  17.750  88.350   0.000 150.000 0.000
   1238  17.750  88.550   0.000 150.000 0.801
   1238  17.750  88.750   0.000 150.000 0.820
   1238  17.750  88.950   0.000 150.000 0.820
   1238  17.750  89.150   0.000 150.000 0.820
   1238  17.750  89.350   0.000 150.000 0.820
   1238  17.750  89.550   0.000 150.000 0.820
   1238  17.750  89.750   0.000 150.000 0.820
   1238  17.750  87.550   0.000 200.000 0.000
   1238  17.750  87.750   0.000 200.000 0.000
   1238  17.750  87.950   0.000 200.000 0.000
   1238  17.750  88.150   0.000 200.000 0.000
   1238  17.750  88.350   0.000 200.000 0.000
   1238  17.750  88.550   0.000 200.000 0.253
   1238  17.750  88.750   0.000 200.000 0.820
   1238  17.750  88.950   0.000 200.000 0.820
   1238  17.750  89.150   0.000 200.000 0.820
   1238  17.750  89.350   0.000 200.000 0.820
   1238  17.750  89.550   0.000 200.000 0.820
   1238  17.750  87.550   0.000 250.000 0.000
   1238  17.750  87.750   0.000 250.000 0.000
   1238  17.750  87.950   0.000 250.000 0.000
   1238  17.750  88.150   0.000 250.000 0.000
   1238  17.750  88.350   0.000 250.000 0.000
   1238  17.750  88.550   0.000 250.000 0.000
   1238  17.750  88.750   0.000 250.000 0.820
   1238  17.750  88.950   0.000 250.000 0.820
   1238  17.750  89.150   0.000 250.000 0.820
   1238  17.750  89.350   0.000 250.000 0.820
   1238  17.750  89.550   0.000 250.000 0.820
   1238  17.750  87.550   0.000 300.000 0.000
   1238  17.750  87.750   0.000 300.000 0.000
   1238  17.750  87.950   0.000 300.000 0.000
   1238  17.750  88.150   0.000 300.000 0.000
   1238  17.750  88.350   0.000 300.000 0.000
   1238  17.750  88.550   0.000 300.000 0.007
   1238  17.750  88.750   0.000 300.000 0.813
   1238  17.750  88.950   0.000 300.000 0.820
   1238  17.750  89.150   0.000 300.000 0.820
   1238  17.750  89.350   0.000 300.000 0.820
   1238  17.750  89.550   0.000 300.000 0.820
   1238  17.750  87.550   0.000 400.000 0.000
   1238  17.750  87.750   0.000 400.000 0.000
   1238  17.750  87.950   0.000 400.000 0.000
   1238  17.750  88.150   0.000 400.000 0.000
   1238  17.750  88.350   0.000 400.000 0.000
   1238  17.750  88.550   0.000 400.000 0.000
   1238  17.750  88.750   0.000 400.000 0.592
   1238  17.750  88.950   0.000 400.000 0.820
   1238  17.750  89.150   0.000 400.000 0.820
   1238  17.750  89.350   0.000 400.000 0.820
   1238  17.750  89.550   0.000 400.000 0.820
   1238  17.750  87.550   0.000 500.000 0.000
   1238  17.750  87.750   0.000 500.000 0.000
   1238  17.750  87.950   0.000 500.000 0.000
   1238  17.750  88.150   0.000 500.000 0.000
   1238  17.750  88.350   0.000 500.000 0.000
   1238  17.750  88.550   0.000 500.000 0.000
   1238  17.750  88.750   0.000 500.000 0.000
   1238  17.750  88.950   0.000 500.000 0.818
   1238  17.750  89.150   0.000 500.000 0.820
   1238  17.750  89.350   0.000 500.000 0.820
   1238  17.750  87.550   0.000 700.000 0.000
   1238  17.750  87.750   0.000 700.000 0.000
   1238  17.750  87.950   0.000 700.000 0.000
   1238  17.750  88.150   0.000 700.000 0.000
   1238  17.750  88.350   0.000 700.000 0.000
   1238  17.750  88.550   0.000 700.000 0.000
   1238  17.750  88.750   0.000 700.000 0.000
   1238  17.750  88.950   0.000 700.000 0.290
   1238  17.750  89.150   0.000 700.000 0.820
   1238  17.750  89.350   0.000 700.000 0.820
   1238  17.750  87.550   0.000 900.000 0.000
   1238  17.750  87.750   0.000 900.000 0.000
   1238  17.750  87.950   0.000 900.000 0.000
   1238  17.750  88.150   0.000 900.000 0.000
   1238  17.750  88.350   0.000 900.000 0.000
   1238  17.750  88.550   0.000 900.000 0.000
   1238  17.750  88.750   0.000 900.000 0.000
   1238  17.750  88.950   0.000 900.000 0.000
   1238  17.750  89.150   0.000 900.000 0.672
   1238  17.750  87.550   0.000 1100.000 0.000
   1238  17.750  87.750   0.000 1100.000 0.000
   1238  17.750  87.950   0.000 1100.000 0.000
   1238  17.750  88.150   0.000 1100.000 0.000
   1238  17.750  88.350   0.000 1100.000 0.000
   1238  17.750  88.550   0.000 1100.000 0.000
   1238  17.750  88.750   0.000 1100.000 0.000
   1238  17.750  88.950   0.000 1100.000 0.000
   1238  18.000  87.550   0.000   0.000 0.000
   1238  18.000  87.750   0.000   0.000 0.000
   1238  18.000  87.950   0.000   0.000 0.000
   1238  18.000  88.150   0.000   0.000 0.054
   1238  18.000  88.350   0.000   0.000 0.820
   1238  18.000  88.550   0.000   0.000 0.820
   1238  18.000  88.750   0.000   0.000 0.820
   1238  18.000  88.950   0.000   0.000 0.820
   1238  18.000  89.150   0.000   0.000 0.820
   1238  18.000  89.350   0.000   0.000 0.820
   1238  18.000  89.550   0.000   0.000 0.820
   1238  18.000  89.750   0.000   0.000 0.820
   1238  18.000  89.950   0.000   0.000 0.820
   1238  18.000  87.550   0.000  50.000 0.000
   1238  18.000  87.750   0.000  50.000 0.000
   1238  18.000  87.950   0.000  50.000 0.000
   1238  18.000  88.150   0.000  50.000 0.000
   1238  18.000  88.350   0.000  50.000 0.820
   1238  18.000  88.550   0.000  50.000 0.820
   1238  18.000  88.750   0.000  50.000 0.820
   1238  18.000  88.950   0.000  50.000 0.820
   1238  18.000  89.150   0.000  50.000 0.820
   1238  18.000  89.350   0.000  50.000 0.820
   1238  18.000  89.550   0.000  50.000 0.820
   1238  18.000  89.750   0.000  50.000 0.820
   1238  18.000  89.950   0.000  50.000 0.820
   1238  18.000  87.550   0.000 100.000 0.000
   1238  18.000  87.750   0.000 100.000 0.000
   1238  18.000  87.950   0.000 100.000 0.000
   1238  18.000  88.150   0.000 100.000 0.000
   1238  18.000  88.350   0.000 100.000 0.820
   1238  18.000  88.550   0.000 100.000 0.820
   1238  18.000  88.750   0.000 100.000 0.820
   1238  18.000  88.950   0.000 100.000 0.820
   1238  18.000  89.150   0.000 100.000 0.820
   1238  18.000  89.350   0.000 100.000 0.820
   1238  18.000  89.550   0.000 100.000 0.820
   1238  18.000  89.750   0.000 100.000 0.820
   1238  18.000  87.550   0.000 150.000 0.000
   1238  18.000  87.750   0.000 150.000 0.000
   1238  18.000  87.950   0.000 150.000 0.000
   1238  18.000  88.150   0.000 150.000 0.000
   1238  18.000  88.350   0.000 150.000 0.744
   1238  18.000  88.550   0.000 150.000 0.820
   1238  18.000  88.750   0.000 150.000 0.820
   1238  18.000  88.950   0.000 150.000 0.820
   1238  18.000  89.150   0.000 150.000 0.820
   1238  18.000  89.350   0.000 150.000 0.820
   1238  18.000  89.550   0.000 150.000 0.820
   1238  18.000  89.750   0.000 150.000 0.820
   1238  18.000  87.550   0.000 200.000 0.000
   1238  18.000  87.750   0.000 200.000 0.000
   1238  18.000  87.950   0.000 200.000 0.000
   1238  18.000  88.150   0.000 200.000 0.000
   1238  18.000  88.350   0.000 200.000 0.000
   1238  18.000  88.550   0.000 200.000 0.820
   1238  18.000  88.750   0.000 200.000 0.820
   1238  18.000  88.950   0.000 200.000 0.820
   1238  18.000  89.150   0.000 200.000 0.820
   1238  18.000  89.350   0.000 200.000 0.820
   1238  18.000  89.550   0.000 200.000 0.820
   1238  18.000  87.550   0.000 250.000 0.000
   1238  18.000  87.750   0.000 250.000 0.000
   1238  18.000  87.950   0.000 250.000 0.000
   1238  18.000  88.150   0.000 250.000 0.000
   1238  18.000  88.350   0.000 250.000 0.396
   1238  18.000  88.550   0.000 250.000 0.819
   1238  18.000  88.750   0.000 250.000 0.820
   1238  18.000  88.950   0.000 250.000 0.820
   1238  18.000  89.150   0.000 250.000 0.820
   1238  18.000  89.350   0.000 250.000 0.820
   1238  18.000  89.550   0.000 250.000 0.820
   1238  18.000  87.550   0.000 300.000 0.000
   1238  18.000  87.750   0.000 300.000 0.000
   1238  18.000  87.950   0.000 300.000 0.000
   1238  18.000  88.150   0.000 300.000 0.000
   1238  18.000  88.350   0.000 300.000 0.045
   1238  18.000  88.550   0.000 300.000 0.818
   1238  18.000  88.750   0.000 300.000 0.820
   1238  18.000  88.950   0.000 300.000 0.820
   1238  18.000  89.150   0.000 300.000 0.820
   1238  18.000  89.350   0.000 300.000 0.820
   1238  18.000  89.550   0.000 300.000 0.820
   1238  18.000  87.550   0.000 400.000 0.000
   1238  18.000  87.750   0.000 400.000 0.000
   1238  18.000  87.950   0.000 400.000 0.000
   1238  18.000  88.150   0.000 400.000 0.000
   1238  18.000  88.350   0.000 400.000 0.000
   1238  18.000  88.550   0.000 400.000 0.476
   1238  18.000  88.750   0.000 400.000 0.820
   1238  18.000  88.950   0.000 400.000 0.820
   1238  18.000  89.150   0.000 400.000 0.820
   1238  18.000  89.350   0.000 400.000 0.820
   1238  18.000  89.550   0.000 400.000 0.820
   1238  18.000  87.550   0.000 500.000 0.000
   1238  18.000  87.750   0.000 500.000 0.000
   1238  18.000  87.950   0.000 500.000 0.000
   1238  18.000  88.150   0.000 500.000 0.000
   1238  18.000  88.350   0.000 500.000 0.000
   1238  18.000  88.550   0.000 500.000 0.000
   1238  18.000  88.750   0.000 500.000 0.813
   1238  18.000  88.950   0.000 500.000 0.820
   1238  18.000  89.150   0.000 500.000 0.820
   1238  18.000  89.350   0.000 500.000 0.820
   1238  18.000  87.550   0.000 700.000 0.000
   1238  18.000  87.750   0.000 700.000 0.000
   1238  18.000  87.950   0.000 700.000 0.000
   1238  18.000  88.150   0.000 700.000 0.000
   1238  18.000  88.350   0.000 700.000 0.000
   1238  18.000  88.550   0.000 700.000 0.000
   1238  18.000  88.750   0.000 700.000 0.249
   1238  18.000  88.950   0.000 700.000 0.820
   1238  18.000  89.150   0.000 700.000 0.820
   1238  18.000  89.350   0.000 700.000 0.820
   1238  18.000  87.550   0.000 900.000 0.000
   1238  18.000  87.750   0.000 900.000 0.000
   1238  18.000  87.950   0.000 900.000 0.000
   1238  18.000  88.150   0.000 900.000 0.000
   1238  18.000  88.350   0.000 900.000 0.000
   1238  18.000  88.550   0.000 900.000 0.000
   1238  18.000  88.750   0.000 900.000 0.000
   1238  18.000  88.950   0.000 900.000 0.466
   1238  18.000  89.150   0.000 900.000 0.820
   1238  18.000  87.550   0.000 1100.000 0.000
   1238  18.000  87.750   0.000 1100.000 0.000
   1238  18.000  87.950   0.000 1100.000 0.000
   1238  18.000  88.150   0.000 1100.000 0.000
   1238  18.000  88.350   0.000 1100.000 0.000
   1238  18.000  88.550   0.000 1100.000 0.000
   1238  18.000  88.750   0.000 1100.000 0.000
   1238  18.000  88.950   0.000 1100.000 0.000
