#	150 05 0500 5000 090 1.00 de
   1238  16.500  87.550   0.000   0.000 0.000
   1238  16.500  87.750   0.000   0.000 0.000
   1238  16.500  87.950   0.000   0.000 0.000
   1238  16.500  88.150   0.000   0.000 0.000
   1238  16.500  88.350   0.000   0.000 0.000
   1238  16.500  88.550   0.000   0.000 0.000
   1238  16.500  88.750   0.000   0.000 0.000
   1238  16.500  88.950   0.000   0.000 0.380
   1238  16.500  89.150   0.000   0.000 0.440
   1238  16.500  89.350   0.000   0.000 0.401
   1238  16.500  89.550   0.000   0.000 0.312
   1238  16.500  89.750   0.000   0.000 0.220
   1238  16.500  89.950   0.000   0.000 0.148
   1238  16.500  87.550   0.000  25.000 0.000
   1238  16.500  87.750   0.000  25.000 0.000
   1238  16.500  87.950   0.000  25.000 0.000
   1238  16.500  88.150   0.000  25.000 0.000
   1238  16.500  88.350   0.000  25.000 0.000
   1238  16.500  88.550   0.000  25.000 0.000
   1238  16.500  88.750   0.000  25.000 0.000
   1238  16.500  88.950   0.000  25.000 0.076
   1238  16.500  89.150   0.000  25.000 0.450
   1238  16.500  89.350   0.000  25.000 0.367
   1238  16.500  89.550   0.000  25.000 0.312
   1238  16.500  89.750   0.000  25.000 0.223
   1238  16.500  89.950   0.000  25.000 0.223
   1238  16.500  87.550   0.000  50.000 0.000
   1238  16.500  87.750   0.000  50.000 0.000
   1238  16.500  87.950   0.000  50.000 0.000
   1238  16.500  88.150   0.000  50.000 0.000
   1238  16.500  88.350   0.000  50.000 0.000
   1238  16.500  88.550   0.000  50.000 0.000
   1238  16.500  88.750   0.000  50.000 0.000
   1238  16.500  88.950   0.000  50.000 0.003
   1238  16.500  89.150   0.000  50.000 0.316
   1238  16.500  89.350   0.000  50.000 0.336
   1238  16.500  89.550   0.000  50.000 0.285
   1238  16.500  89.750   0.000  50.000 0.230
   1238  16.500  89.950   0.000  50.000 0.197
   1238  16.500  87.550   0.000  75.000 0.000
   1238  16.500  87.750   0.000  75.000 0.000
   1238  16.500  87.950   0.000  75.000 0.000
   1238  16.500  88.150   0.000  75.000 0.000
   1238  16.500  88.350   0.000  75.000 0.000
   1238  16.500  88.550   0.000  75.000 0.000
   1238  16.500  88.750   0.000  75.000 0.000
   1238  16.500  88.950   0.000  75.000 0.000
   1238  16.500  89.150   0.000  75.000 0.157
   1238  16.500  89.350   0.000  75.000 0.217
   1238  16.500  89.550   0.000  75.000 0.285
   1238  16.500  89.750   0.000  75.000 0.231
   1238  16.500  87.550   0.000 100.000 0.000
   1238  16.500  87.750   0.000 100.000 0.000
   1238  16.500  87.950   0.000 100.000 0.000
   1238  16.500  88.150   0.000 100.000 0.000
   1238  16.500  88.350   0.000 100.000 0.000
   1238  16.500  88.550   0.000 100.000 0.000
   1238  16.500  88.750   0.000 100.000 0.000
   1238  16.500  88.950   0.000 100.000 0.000
   1238  16.500  89.150   0.000 100.000 0.066
   1238  16.500  89.350   0.000 100.000 0.239
   1238  16.500  89.550   0.000 100.000 0.227
   1238  16.500  89.750   0.000 100.000 0.244
   1238  16.500  87.550   0.000 125.000 0.000
   1238  16.500  87.750   0.000 125.000 0.000
   1238  16.500  87.950   0.000 125.000 0.000
   1238  16.500  88.150   0.000 125.000 0.000
   1238  16.500  88.350   0.000 125.000 0.000
   1238  16.500  88.550   0.000 125.000 0.000
   1238  16.500  88.750   0.000 125.000 0.000
   1238  16.500  88.950   0.000 125.000 0.000
   1238  16.500  89.150   0.000 125.000 0.021
   1238  16.500  89.350   0.000 125.000 0.135
   1238  16.500  89.550   0.000 125.000 0.227
   1238  16.500  89.750   0.000 125.000 0.181
   1238  16.500  87.550   0.000 150.000 0.000
   1238  16.500  87.750   0.000 150.000 0.000
   1238  16.500  87.950   0.000 150.000 0.000
   1238  16.500  88.150   0.000 150.000 0.000
   1238  16.500  88.350   0.000 150.000 0.000
   1238  16.500  88.550   0.000 150.000 0.000
   1238  16.500  88.750   0.000 150.000 0.000
   1238  16.500  88.950   0.000 150.000 0.000
   1238  16.500  89.150   0.000 150.000 0.008
   1238  16.500  89.350   0.000 150.000 0.091
   1238  16.500  89.550   0.000 150.000 0.166
   1238  16.500  89.750   0.000 150.000 0.180
   1238  16.750  87.550   0.000   0.000 0.000
   1238  16.750  87.750   0.000   0.000 0.000
   1238  16.750  87.950   0.000   0.000 0.000
   1238  16.750  88.150   0.000   0.000 0.000
   1238  16.750  88.350   0.000   0.000 0.000
   1238  16.750  88.550   0.000   0.000 0.000
   1238  16.750  88.750   0.000   0.000 0.786
   1238  16.750  88.950   0.000   0.000 0.820
   1238  16.750  89.150   0.000   0.000 0.815
   1238  16.750  89.350   0.000   0.000 0.790
   1238  16.750  89.550   0.000   0.000 0.762
   1238  16.750  89.750   0.000   0.000 0.716
   1238  16.750  89.950   0.000   0.000 0.685
   1238  16.750  87.550   0.000  25.000 0.000
   1238  16.750  87.750   0.000  25.000 0.000
   1238  16.750  87.950   0.000  25.000 0.000
   1238  16.750  88.150   0.000  25.000 0.000
   1238  16.750  88.350   0.000  25.000 0.000
   1238  16.750  88.550   0.000  25.000 0.000
   1238  16.750  88.750   0.000  25.000 0.725
   1238  16.750  88.950   0.000  25.000 0.820
   1238  16.750  89.150   0.000  25.000 0.814
   1238  16.750  89.350   0.000  25.000 0.795
   1238  16.750  89.550   0.000  25.000 0.778
   1238  16.750  89.750   0.000  25.000 0.704
   1238  16.750  89.950   0.000  25.000 0.710
   1238  16.750  87.550   0.000  50.000 0.000
   1238  16.750  87.750   0.000  50.000 0.000
   1238  16.750  87.950   0.000  50.000 0.000
   1238  16.750  88.150   0.000  50.000 0.000
   1238  16.750  88.350   0.000  50.000 0.000
   1238  16.750  88.550   0.000  50.000 0.000
   1238  16.750  88.750   0.000  50.000 0.003
   1238  16.750  88.950   0.000  50.000 0.820
   1238  16.750  89.150   0.000  50.000 0.816
   1238  16.750  89.350   0.000  50.000 0.797
   1238  16.750  89.550   0.000  50.000 0.776
   1238  16.750  89.750   0.000  50.000 0.731
   1238  16.750  89.950   0.000  50.000 0.675
   1238  16.750  87.550   0.000  75.000 0.000
   1238  16.750  87.750   0.000  75.000 0.000
   1238  16.750  87.950   0.000  75.000 0.000
   1238  16.750  88.150   0.000  75.000 0.000
   1238  16.750  88.350   0.000  75.000 0.000
   1238  16.750  88.550   0.000  75.000 0.000
   1238  16.750  88.750   0.000  75.000 0.000
   1238  16.750  88.950   0.000  75.000 0.817
   1238  16.750  89.150   0.000  75.000 0.815
   1238  16.750  89.350   0.000  75.000 0.800
   1238  16.750  89.550   0.000  75.000 0.781
   1238  16.750  89.750   0.000  75.000 0.721
   1238  16.750  87.550   0.000 100.000 0.000
   1238  16.750  87.750   0.000 100.000 0.000
   1238  16.750  87.950   0.000 100.000 0.000
   1238  16.750  88.150   0.000 100.000 0.000
   1238  16.750  88.350   0.000 100.000 0.000
   1238  16.750  88.550   0.000 100.000 0.000
   1238  16.750  88.750   0.000 100.000 0.000
   1238  16.750  88.950   0.000 100.000 0.811
   1238  16.750  89.150   0.000 100.000 0.818
   1238  16.750  89.350   0.000 100.000 0.801
   1238  16.750  89.550   0.000 100.000 0.763
   1238  16.750  89.750   0.000 100.000 0.734
   1238  16.750  87.550   0.000 125.000 0.000
   1238  16.750  87.750   0.000 125.000 0.000
   1238  16.750  87.950   0.000 125.000 0.000
   1238  16.750  88.150   0.000 125.000 0.000
   1238  16.750  88.350   0.000 125.000 0.000
   1238  16.750  88.550   0.000 125.000 0.000
   1238  16.750  88.750   0.000 125.000 0.000
   1238  16.750  88.950   0.000 125.000 0.795
   1238  16.750  89.150   0.000 125.000 0.819
   1238  16.750  89.350   0.000 125.000 0.809
   1238  16.750  89.550   0.000 125.000 0.781
   1238  16.750  89.750   0.000 125.000 0.750
   1238  16.750  87.550   0.000 150.000 0.000
   1238  16.750  87.750   0.000 150.000 0.000
   1238  16.750  87.950   0.000 150.000 0.000
   1238  16.750  88.150   0.000 150.000 0.000
   1238  16.750  88.350   0.000 150.000 0.000
   1238  16.750  88.550   0.000 150.000 0.000
   1238  16.750  88.750   0.000 150.000 0.000
   1238  16.750  88.950   0.000 150.000 0.709
   1238  16.750  89.150   0.000 150.000 0.816
   1238  16.750  89.350   0.000 150.000 0.805
   1238  16.750  89.550   0.000 150.000 0.777
   1238  16.750  89.750   0.000 150.000 0.755
   1238  16.750  87.550   0.000 175.000 0.000
   1238  16.750  87.750   0.000 175.000 0.000
   1238  16.750  87.950   0.000 175.000 0.000
   1238  16.750  88.150   0.000 175.000 0.000
   1238  16.750  88.350   0.000 175.000 0.000
   1238  16.750  88.550   0.000 175.000 0.000
   1238  16.750  88.750   0.000 175.000 0.000
   1238  16.750  88.950   0.000 175.000 0.480
   1238  16.750  89.150   0.000 175.000 0.803
   1238  16.750  89.350   0.000 175.000 0.791
   1238  16.750  89.550   0.000 175.000 0.781
   1238  16.750  89.750   0.000 175.000 0.762
   1238  16.750  87.550   0.000 200.000 0.000
   1238  16.750  87.750   0.000 200.000 0.000
   1238  16.750  87.950   0.000 200.000 0.000
   1238  16.750  88.150   0.000 200.000 0.000
   1238  16.750  88.350   0.000 200.000 0.000
   1238  16.750  88.550   0.000 200.000 0.000
   1238  16.750  88.750   0.000 200.000 0.000
   1238  16.750  88.950   0.000 200.000 0.058
   1238  16.750  89.150   0.000 200.000 0.799
   1238  16.750  89.350   0.000 200.000 0.804
   1238  16.750  89.550   0.000 200.000 0.777
   1238  17.000  88.700   0.000   0.000 0.820
   1238  17.000  88.900   0.000   0.000 0.820
   1238  17.000  89.100   0.000   0.000 0.820
   1238  17.000  89.300   0.000   0.000 0.819
   1238  17.000  89.500   0.000   0.000 0.817
   1238  17.000  89.700   0.000   0.000 0.802
   1238  17.000  89.900   0.000   0.000 0.787
   1238  17.000  88.700   0.000  25.000 0.820
   1238  17.000  88.900   0.000  25.000 0.820
   1238  17.000  89.100   0.000  25.000 0.820
   1238  17.000  89.300   0.000  25.000 0.820
   1238  17.000  89.500   0.000  25.000 0.818
   1238  17.000  89.700   0.000  25.000 0.809
   1238  17.000  89.900   0.000  25.000 0.799
   1238  17.000  88.700   0.000  50.000 0.820
   1238  17.000  88.900   0.000  50.000 0.820
   1238  17.000  89.100   0.000  50.000 0.820
   1238  17.000  89.300   0.000  50.000 0.820
   1238  17.000  89.500   0.000  50.000 0.820
   1238  17.000  89.700   0.000  50.000 0.813
   1238  17.000  89.900   0.000  50.000 0.805
   1238  17.000  88.700   0.000  75.000 0.770
   1238  17.000  88.900   0.000  75.000 0.820
   1238  17.000  89.100   0.000  75.000 0.820
   1238  17.000  89.300   0.000  75.000 0.820
   1238  17.000  89.500   0.000  75.000 0.820
   1238  17.000  89.700   0.000  75.000 0.817
   1238  17.000  89.900   0.000  75.000 0.815
   1238  17.000  88.700   0.000 100.000 0.168
   1238  17.000  88.900   0.000 100.000 0.820
   1238  17.000  89.100   0.000 100.000 0.820
   1238  17.000  89.300   0.000 100.000 0.820
   1238  17.000  89.500   0.000 100.000 0.820
   1238  17.000  89.700   0.000 100.000 0.816
   1238  17.000  89.900   0.000 100.000 0.810
   1238  17.000  88.700   0.000 150.000 0.000
   1238  17.000  88.900   0.000 150.000 0.820
   1238  17.000  89.100   0.000 150.000 0.820
   1238  17.000  89.300   0.000 150.000 0.820
   1238  17.000  89.500   0.000 150.000 0.819
   1238  17.000  89.700   0.000 150.000 0.812
   1238  17.000  89.900   0.000 150.000 0.806
   1238  17.000  88.700   0.000 200.000 0.000
   1238  17.000  88.900   0.000 200.000 0.820
   1238  17.000  89.100   0.000 200.000 0.820
   1238  17.000  89.300   0.000 200.000 0.820
   1238  17.000  89.500   0.000 200.000 0.820
   1238  17.000  89.700   0.000 200.000 0.818
   1238  17.000  89.900   0.000 200.000 0.805
   1238  17.000  88.700   0.000 300.000 0.000
   1238  17.000  88.900   0.000 300.000 0.253
   1238  17.000  89.100   0.000 300.000 0.820
   1238  17.000  89.300   0.000 300.000 0.820
   1238  17.000  89.500   0.000 300.000 0.820
   1238  17.000  89.700   0.000 300.000 0.820
   1238  17.000  89.900   0.000 300.000 0.807
   1238  17.000  88.700   0.000 500.000 0.000
   1238  17.000  88.900   0.000 500.000 0.000
   1238  17.000  89.100   0.000 500.000 0.000
   1238  17.000  89.300   0.000 500.000 0.820
   1238  17.000  89.500   0.000 500.000 0.820
   1238  17.000  89.700   0.000 500.000 0.812
   1238  17.000  89.900   0.000 500.000 0.803
   1238  17.000  88.700   0.000 800.000 0.000
   1238  17.000  88.900   0.000 800.000 0.000
   1238  17.000  89.100   0.000 800.000 0.000
   1238  17.000  89.300   0.000 800.000 0.740
   1238  17.000  89.500   0.000 800.000 0.820
   1238  17.000  89.700   0.000 800.000 0.820
   1238  17.000  89.900   0.000 800.000 0.820
   1238  17.250  87.550   0.000   0.000 0.000
   1238  17.250  87.750   0.000   0.000 0.000
   1238  17.250  87.950   0.000   0.000 0.000
   1238  17.250  88.150   0.000   0.000 0.000
   1238  17.250  88.350   0.000   0.000 0.000
   1238  17.250  88.550   0.000   0.000 0.741
   1238  17.250  88.750   0.000   0.000 0.820
   1238  17.250  88.950   0.000   0.000 0.820
   1238  17.250  89.150   0.000   0.000 0.820
   1238  17.250  89.350   0.000   0.000 0.820
   1238  17.250  89.550   0.000   0.000 0.820
   1238  17.250  89.750   0.000   0.000 0.820
   1238  17.250  89.950   0.000   0.000 0.820
   1238  17.250  87.550   0.000  25.000 0.000
   1238  17.250  87.750   0.000  25.000 0.000
   1238  17.250  87.950   0.000  25.000 0.000
   1238  17.250  88.150   0.000  25.000 0.000
   1238  17.250  88.350   0.000  25.000 0.000
   1238  17.250  88.550   0.000  25.000 0.002
   1238  17.250  88.750   0.000  25.000 0.820
   1238  17.250  88.950   0.000  25.000 0.820
   1238  17.250  89.150   0.000  25.000 0.820
   1238  17.250  89.350   0.000  25.000 0.820
   1238  17.250  89.550   0.000  25.000 0.820
   1238  17.250  89.750   0.000  25.000 0.820
   1238  17.250  89.950   0.000  25.000 0.820
   1238  17.250  87.550   0.000  50.000 0.000
   1238  17.250  87.750   0.000  50.000 0.000
   1238  17.250  87.950   0.000  50.000 0.000
   1238  17.250  88.150   0.000  50.000 0.000
   1238  17.250  88.350   0.000  50.000 0.000
   1238  17.250  88.550   0.000  50.000 0.000
   1238  17.250  88.750   0.000  50.000 0.820
   1238  17.250  88.950   0.000  50.000 0.820
   1238  17.250  89.150   0.000  50.000 0.820
   1238  17.250  89.350   0.000  50.000 0.820
   1238  17.250  89.550   0.000  50.000 0.820
   1238  17.250  89.750   0.000  50.000 0.820
   1238  17.250  89.950   0.000  50.000 0.818
   1238  17.250  87.550   0.000  75.000 0.000
   1238  17.250  87.750   0.000  75.000 0.000
   1238  17.250  87.950   0.000  75.000 0.000
   1238  17.250  88.150   0.000  75.000 0.000
   1238  17.250  88.350   0.000  75.000 0.000
   1238  17.250  88.550   0.000  75.000 0.000
   1238  17.250  88.750   0.000  75.000 0.820
   1238  17.250  88.950   0.000  75.000 0.820
   1238  17.250  89.150   0.000  75.000 0.820
   1238  17.250  89.350   0.000  75.000 0.820
   1238  17.250  89.550   0.000  75.000 0.820
   1238  17.250  89.750   0.000  75.000 0.820
   1238  17.250  87.550   0.000 100.000 0.000
   1238  17.250  87.750   0.000 100.000 0.000
   1238  17.250  87.950   0.000 100.000 0.000
   1238  17.250  88.150   0.000 100.000 0.000
   1238  17.250  88.350   0.000 100.000 0.000
   1238  17.250  88.550   0.000 100.000 0.000
   1238  17.250  88.750   0.000 100.000 0.820
   1238  17.250  88.950   0.000 100.000 0.820
   1238  17.250  89.150   0.000 100.000 0.820
   1238  17.250  89.350   0.000 100.000 0.820
   1238  17.250  89.550   0.000 100.000 0.820
   1238  17.250  89.750   0.000 100.000 0.820
   1238  17.250  87.550   0.000 150.000 0.000
   1238  17.250  87.750   0.000 150.000 0.000
   1238  17.250  87.950   0.000 150.000 0.000
   1238  17.250  88.150   0.000 150.000 0.000
   1238  17.250  88.350   0.000 150.000 0.000
   1238  17.250  88.550   0.000 150.000 0.000
   1238  17.250  88.750   0.000 150.000 0.820
   1238  17.250  88.950   0.000 150.000 0.820
   1238  17.250  89.150   0.000 150.000 0.820
   1238  17.250  89.350   0.000 150.000 0.820
   1238  17.250  89.550   0.000 150.000 0.820
   1238  17.250  89.750   0.000 150.000 0.820
   1238  17.250  87.550   0.000 225.000 0.000
   1238  17.250  87.750   0.000 225.000 0.000
   1238  17.250  87.950   0.000 225.000 0.000
   1238  17.250  88.150   0.000 225.000 0.000
   1238  17.250  88.350   0.000 225.000 0.000
   1238  17.250  88.550   0.000 225.000 0.000
   1238  17.250  88.750   0.000 225.000 0.684
   1238  17.250  88.950   0.000 225.000 0.820
   1238  17.250  89.150   0.000 225.000 0.820
   1238  17.250  89.350   0.000 225.000 0.820
   1238  17.250  89.550   0.000 225.000 0.820
   1238  17.250  87.550   0.000 300.000 0.000
   1238  17.250  87.750   0.000 300.000 0.000
   1238  17.250  87.950   0.000 300.000 0.000
   1238  17.250  88.150   0.000 300.000 0.000
   1238  17.250  88.350   0.000 300.000 0.000
   1238  17.250  88.550   0.000 300.000 0.000
   1238  17.250  88.750   0.000 300.000 0.010
   1238  17.250  88.950   0.000 300.000 0.820
   1238  17.250  89.150   0.000 300.000 0.820
   1238  17.250  89.350   0.000 300.000 0.820
   1238  17.250  89.550   0.000 300.000 0.820
   1238  17.250  87.550   0.000 400.000 0.000
   1238  17.250  87.750   0.000 400.000 0.000
   1238  17.250  87.950   0.000 400.000 0.000
   1238  17.250  88.150   0.000 400.000 0.000
   1238  17.250  88.350   0.000 400.000 0.000
   1238  17.250  88.550   0.000 400.000 0.000
   1238  17.250  88.750   0.000 400.000 0.000
   1238  17.250  88.950   0.000 400.000 0.817
   1238  17.250  89.150   0.000 400.000 0.820
   1238  17.250  89.350   0.000 400.000 0.820
   1238  17.250  89.550   0.000 400.000 0.820
   1238  17.250  87.550   0.000 500.000 0.000
   1238  17.250  87.750   0.000 500.000 0.000
   1238  17.250  87.950   0.000 500.000 0.000
   1238  17.250  88.150   0.000 500.000 0.000
   1238  17.250  88.350   0.000 500.000 0.000
   1238  17.250  88.550   0.000 500.000 0.000
   1238  17.250  88.750   0.000 500.000 0.000
   1238  17.250  88.950   0.000 500.000 0.000
   1238  17.250  89.150   0.000 500.000 0.820
   1238  17.250  89.350   0.000 500.000 0.820
   1238  17.500  88.300   0.000   0.000 0.000
   1238  17.500  88.500   0.000   0.000 0.820
   1238  17.500  88.700   0.000   0.000 0.820
   1238  17.500  88.900   0.000   0.000 0.820
   1238  17.500  89.100   0.000   0.000 0.820
   1238  17.500  89.300   0.000   0.000 0.820
   1238  17.500  89.500   0.000   0.000 0.820
   1238  17.500  89.700   0.000   0.000 0.820
   1238  17.500  89.900   0.000   0.000 0.820
   1238  17.500  88.300   0.000  25.000 0.000
   1238  17.500  88.500   0.000  25.000 0.820
   1238  17.500  88.700   0.000  25.000 0.820
   1238  17.500  88.900   0.000  25.000 0.820
   1238  17.500  89.100   0.000  25.000 0.820
   1238  17.500  89.300   0.000  25.000 0.820
   1238  17.500  89.500   0.000  25.000 0.820
   1238  17.500  89.700   0.000  25.000 0.820
   1238  17.500  89.900   0.000  25.000 0.820
   1238  17.500  88.300   0.000  50.000 0.000
   1238  17.500  88.500   0.000  50.000 0.817
   1238  17.500  88.700   0.000  50.000 0.820
   1238  17.500  88.900   0.000  50.000 0.820
   1238  17.500  89.100   0.000  50.000 0.820
   1238  17.500  89.300   0.000  50.000 0.820
   1238  17.500  89.500   0.000  50.000 0.820
   1238  17.500  89.700   0.000  50.000 0.820
   1238  17.500  89.900   0.000  50.000 0.820
   1238  17.500  88.300   0.000  75.000 0.000
   1238  17.500  88.500   0.000  75.000 0.722
   1238  17.500  88.700   0.000  75.000 0.820
   1238  17.500  88.900   0.000  75.000 0.820
   1238  17.500  89.100   0.000  75.000 0.820
   1238  17.500  89.300   0.000  75.000 0.820
   1238  17.500  89.500   0.000  75.000 0.820
   1238  17.500  89.700   0.000  75.000 0.820
   1238  17.500  89.900   0.000  75.000 0.820
   1238  17.500  88.300   0.000 100.000 0.000
   1238  17.500  88.500   0.000 100.000 0.010
   1238  17.500  88.700   0.000 100.000 0.820
   1238  17.500  88.900   0.000 100.000 0.820
   1238  17.500  89.100   0.000 100.000 0.820
   1238  17.500  89.300   0.000 100.000 0.820
   1238  17.500  89.500   0.000 100.000 0.820
   1238  17.500  89.700   0.000 100.000 0.820
   1238  17.500  89.900   0.000 100.000 0.820
   1238  17.500  88.300   0.000 150.000 0.000
   1238  17.500  88.500   0.000 150.000 0.000
   1238  17.500  88.700   0.000 150.000 0.820
   1238  17.500  88.900   0.000 150.000 0.820
   1238  17.500  89.100   0.000 150.000 0.820
   1238  17.500  89.300   0.000 150.000 0.820
   1238  17.500  89.500   0.000 150.000 0.820
   1238  17.500  89.700   0.000 150.000 0.820
   1238  17.500  89.900   0.000 150.000 0.820
   1238  17.500  88.300   0.000 200.000 0.000
   1238  17.500  88.500   0.000 200.000 0.000
   1238  17.500  88.700   0.000 200.000 0.820
   1238  17.500  88.900   0.000 200.000 0.820
   1238  17.500  89.100   0.000 200.000 0.820
   1238  17.500  89.300   0.000 200.000 0.820
   1238  17.500  89.500   0.000 200.000 0.820
   1238  17.500  89.700   0.000 200.000 0.820
   1238  17.500  89.900   0.000 200.000 0.820
   1238  17.500  88.300   0.000 300.000 0.000
   1238  17.500  88.500   0.000 300.000 0.000
   1238  17.500  88.700   0.000 300.000 0.812
   1238  17.500  88.900   0.000 300.000 0.820
   1238  17.500  89.100   0.000 300.000 0.820
   1238  17.500  89.300   0.000 300.000 0.820
   1238  17.500  89.500   0.000 300.000 0.820
   1238  17.500  89.700   0.000 300.000 0.820
   1238  17.500  89.900   0.000 300.000 0.820
   1238  17.500  88.300   0.000 500.000 0.000
   1238  17.500  88.500   0.000 500.000 0.000
   1238  17.500  88.700   0.000 500.000 0.000
   1238  17.500  88.900   0.000 500.000 0.776
   1238  17.500  89.100   0.000 500.000 0.820
   1238  17.500  89.300   0.000 500.000 0.820
   1238  17.500  89.500   0.000 500.000 0.820
   1238  17.500  89.700   0.000 500.000 0.820
   1238  17.500  89.900   0.000 500.000 0.820
   1238  17.500  88.300   0.000 800.000 0.000
   1238  17.500  88.500   0.000 800.000 0.000
   1238  17.500  88.700   0.000 800.000 0.000
   1238  17.500  88.900   0.000 800.000 0.000
   1238  17.500  89.100   0.000 800.000 0.775
   1238  17.500  89.300   0.000 800.000 0.820
   1238  17.500  89.500   0.000 800.000 0.820
   1238  17.500  89.700   0.000 800.000 0.820
   1238  17.500  89.900   0.000 800.000 0.820
   1238  17.750  87.550   0.000   0.000 0.000
   1238  17.750  87.750   0.000   0.000 0.000
   1238  17.750  87.950   0.000   0.000 0.000
   1238  17.750  88.150   0.000   0.000 0.000
   1238  17.750  88.350   0.000   0.000 0.820
   1238  17.750  88.550   0.000   0.000 0.820
   1238  17.750  88.750   0.000   0.000 0.820
   1238  17.750  88.950   0.000   0.000 0.820
   1238  17.750  89.150   0.000   0.000 0.820
   1238  17.750  89.350   0.000   0.000 0.820
   1238  17.750  89.550   0.000   0.000 0.820
   1238  17.750  89.750   0.000   0.000 0.820
   1238  17.750  89.950   0.000   0.000 0.820
   1238  17.750  87.550   0.000  50.000 0.000
   1238  17.750  87.750   0.000  50.000 0.000
   1238  17.750  87.950   0.000  50.000 0.000
   1238  17.750  88.150   0.000  50.000 0.000
   1238  17.750  88.350   0.000  50.000 0.820
   1238  17.750  88.550   0.000  50.000 0.820
   1238  17.750  88.750   0.000  50.000 0.820
   1238  17.750  88.950   0.000  50.000 0.820
   1238  17.750  89.150   0.000  50.000 0.820
   1238  17.750  89.350   0.000  50.000 0.820
   1238  17.750  89.550   0.000  50.000 0.820
   1238  17.750  89.750   0.000  50.000 0.820
   1238  17.750  89.950   0.000  50.000 0.820
   1238  17.750  87.550   0.000 100.000 0.000
   1238  17.750  87.750   0.000 100.000 0.000
   1238  17.750  87.950   0.000 100.000 0.000
   1238  17.750  88.150   0.000 100.000 0.000
   1238  17.750  88.350   0.000 100.000 0.791
   1238  17.750  88.550   0.000 100.000 0.820
   1238  17.750  88.750   0.000 100.000 0.820
   1238  17.750  88.950   0.000 100.000 0.820
   1238  17.750  89.150   0.000 100.000 0.820
   1238  17.750  89.350   0.000 100.000 0.820
   1238  17.750  89.550   0.000 100.000 0.820
   1238  17.750  89.750   0.000 100.000 0.820
   1238  17.750  87.550   0.000 150.000 0.000
   1238  17.750  87.750   0.000 150.000 0.000
   1238  17.750  87.950   0.000 150.000 0.000
   1238  17.750  88.150   0.000 150.000 0.000
   1238  17.750  88.350   0.000 150.000 0.000
   1238  17.750  88.550   0.000 150.000 0.820
   1238  17.750  88.750   0.000 150.000 0.820
   1238  17.750  88.950   0.000 150.000 0.820
   1238  17.750  89.150   0.000 150.000 0.820
   1238  17.750  89.350   0.000 150.000 0.820
   1238  17.750  89.550   0.000 150.000 0.820
   1238  17.750  89.750   0.000 150.000 0.820
   1238  17.750  87.550   0.000 200.000 0.000
   1238  17.750  87.750   0.000 200.000 0.000
   1238  17.750  87.950   0.000 200.000 0.000
   1238  17.750  88.150   0.000 200.000 0.000
   1238  17.750  88.350   0.000 200.000 0.000
   1238  17.750  88.550   0.000 200.000 0.820
   1238  17.750  88.750   0.000 200.000 0.820
   1238  17.750  88.950   0.000 200.000 0.820
   1238  17.750  89.150   0.000 200.000 0.820
   1238  17.750  89.350   0.000 200.000 0.820
   1238  17.750  89.550   0.000 200.000 0.820
   1238  17.750  87.550   0.000 250.000 0.000
   1238  17.750  87.750   0.000 250.000 0.000
   1238  17.750  87.950   0.000 250.000 0.000
   1238  17.750  88.150   0.000 250.000 0.000
   1238  17.750  88.350   0.000 250.000 0.003
   1238  17.750  88.550   0.000 250.000 0.812
   1238  17.750  88.750   0.000 250.000 0.820
   1238  17.750  88.950   0.000 250.000 0.820
   1238  17.750  89.150   0.000 250.000 0.820
   1238  17.750  89.350   0.000 250.000 0.820
   1238  17.750  89.550   0.000 250.000 0.820
   1238  17.750  87.550   0.000 300.000 0.000
   1238  17.750  87.750   0.000 300.000 0.000
   1238  17.750  87.950   0.000 300.000 0.000
   1238  17.750  88.150   0.000 300.000 0.000
   1238  17.750  88.350   0.000 300.000 0.000
   1238  17.750  88.550   0.000 300.000 0.820
   1238  17.750  88.750   0.000 300.000 0.820
   1238  17.750  88.950   0.000 300.000 0.820
   1238  17.750  89.150   0.000 300.000 0.820
   1238  17.750  89.350   0.000 300.000 0.820
   1238  17.750  89.550   0.000 300.000 0.820
   1238  17.750  87.550   0.000 400.000 0.000
   1238  17.750  87.750   0.000 400.000 0.000
   1238  17.750  87.950   0.000 400.000 0.000
   1238  17.750  88.150   0.000 400.000 0.000
   1238  17.750  88.350   0.000 400.000 0.000
   1238  17.750  88.550   0.000 400.000 0.000
   1238  17.750  88.750   0.000 400.000 0.820
   1238  17.750  88.950   0.000 400.000 0.820
   1238  17.750  89.150   0.000 400.000 0.820
   1238  17.750  89.350   0.000 400.000 0.820
   1238  17.750  89.550   0.000 400.000 0.820
   1238  17.750  87.550   0.000 500.000 0.000
   1238  17.750  87.750   0.000 500.000 0.000
   1238  17.750  87.950   0.000 500.000 0.000
   1238  17.750  88.150   0.000 500.000 0.000
   1238  17.750  88.350   0.000 500.000 0.000
   1238  17.750  88.550   0.000 500.000 0.000
   1238  17.750  88.750   0.000 500.000 0.759
   1238  17.750  88.950   0.000 500.000 0.820
   1238  17.750  89.150   0.000 500.000 0.820
   1238  17.750  89.350   0.000 500.000 0.820
   1238  17.750  87.550   0.000 700.000 0.000
   1238  17.750  87.750   0.000 700.000 0.000
   1238  17.750  87.950   0.000 700.000 0.000
   1238  17.750  88.150   0.000 700.000 0.000
   1238  17.750  88.350   0.000 700.000 0.000
   1238  17.750  88.550   0.000 700.000 0.000
   1238  17.750  88.750   0.000 700.000 0.000
   1238  17.750  88.950   0.000 700.000 0.820
   1238  17.750  89.150   0.000 700.000 0.820
   1238  17.750  89.350   0.000 700.000 0.820
   1238  17.750  87.550   0.000 900.000 0.000
   1238  17.750  87.750   0.000 900.000 0.000
   1238  17.750  87.950   0.000 900.000 0.000
   1238  17.750  88.150   0.000 900.000 0.000
   1238  17.750  88.350   0.000 900.000 0.000
   1238  17.750  88.550   0.000 900.000 0.000
   1238  17.750  88.750   0.000 900.000 0.000
   1238  17.750  88.950   0.000 900.000 0.024
   1238  17.750  89.150   0.000 900.000 0.820
   1238  17.750  87.550   0.000 1100.000 0.000
   1238  17.750  87.750   0.000 1100.000 0.000
   1238  17.750  87.950   0.000 1100.000 0.000
   1238  17.750  88.150   0.000 1100.000 0.000
   1238  17.750  88.350   0.000 1100.000 0.000
   1238  17.750  88.550   0.000 1100.000 0.000
   1238  17.750  88.750   0.000 1100.000 0.000
   1238  17.750  88.950   0.000 1100.000 0.000
   1238  18.000  87.550   0.000   0.000 0.000
   1238  18.000  87.750   0.000   0.000 0.000
   1238  18.000  87.950   0.000   0.000 0.002
   1238  18.000  88.150   0.000   0.000 0.820
   1238  18.000  88.350   0.000   0.000 0.820
   1238  18.000  88.550   0.000   0.000 0.820
   1238  18.000  88.750   0.000   0.000 0.820
   1238  18.000  88.950   0.000   0.000 0.820
   1238  18.000  89.150   0.000   0.000 0.820
   1238  18.000  89.350   0.000   0.000 0.820
   1238  18.000  89.550   0.000   0.000 0.820
   1238  18.000  89.750   0.000   0.000 0.820
   1238  18.000  89.950   0.000   0.000 0.820
   1238  18.000  87.550   0.000  50.000 0.000
   1238  18.000  87.750   0.000  50.000 0.000
   1238  18.000  87.950   0.000  50.000 0.000
   1238  18.000  88.150   0.000  50.000 0.820
   1238  18.000  88.350   0.000  50.000 0.820
   1238  18.000  88.550   0.000  50.000 0.820
   1238  18.000  88.750   0.000  50.000 0.820
   1238  18.000  88.950   0.000  50.000 0.820
   1238  18.000  89.150   0.000  50.000 0.820
   1238  18.000  89.350   0.000  50.000 0.820
   1238  18.000  89.550   0.000  50.000 0.820
   1238  18.000  89.750   0.000  50.000 0.820
   1238  18.000  89.950   0.000  50.000 0.820
   1238  18.000  87.550   0.000 100.000 0.000
   1238  18.000  87.750   0.000 100.000 0.000
   1238  18.000  87.950   0.000 100.000 0.000
   1238  18.000  88.150   0.000 100.000 0.394
   1238  18.000  88.350   0.000 100.000 0.820
   1238  18.000  88.550   0.000 100.000 0.820
   1238  18.000  88.750   0.000 100.000 0.820
   1238  18.000  88.950   0.000 100.000 0.820
   1238  18.000  89.150   0.000 100.000 0.820
   1238  18.000  89.350   0.000 100.000 0.820
   1238  18.000  89.550   0.000 100.000 0.820
   1238  18.000  89.750   0.000 100.000 0.820
   1238  18.000  87.550   0.000 150.000 0.000
   1238  18.000  87.750   0.000 150.000 0.000
   1238  18.000  87.950   0.000 150.000 0.000
   1238  18.000  88.150   0.000 150.000 0.726
   1238  18.000  88.350   0.000 150.000 0.820
   1238  18.000  88.550   0.000 150.000 0.820
   1238  18.000  88.750   0.000 150.000 0.820
   1238  18.000  88.950   0.000 150.000 0.820
   1238  18.000  89.150   0.000 150.000 0.820
   1238  18.000  89.350   0.000 150.000 0.820
   1238  18.000  89.550   0.000 150.000 0.820
   1238  18.000  89.750   0.000 150.000 0.820
   1238  18.000  87.550   0.000 200.000 0.000
   1238  18.000  87.750   0.000 200.000 0.000
   1238  18.000  87.950   0.000 200.000 0.000
   1238  18.000  88.150   0.000 200.000 0.755
   1238  18.000  88.350   0.000 200.000 0.820
   1238  18.000  88.550   0.000 200.000 0.820
   1238  18.000  88.750   0.000 200.000 0.820
   1238  18.000  88.950   0.000 200.000 0.820
   1238  18.000  89.150   0.000 200.000 0.820
   1238  18.000  89.350   0.000 200.000 0.820
   1238  18.000  89.550   0.000 200.000 0.820
   1238  18.000  87.550   0.000 250.000 0.000
   1238  18.000  87.750   0.000 250.000 0.000
   1238  18.000  87.950   0.000 250.000 0.000
   1238  18.000  88.150   0.000 250.000 0.000
   1238  18.000  88.350   0.000 250.000 0.820
   1238  18.000  88.550   0.000 250.000 0.820
   1238  18.000  88.750   0.000 250.000 0.820
   1238  18.000  88.950   0.000 250.000 0.820
   1238  18.000  89.150   0.000 250.000 0.820
   1238  18.000  89.350   0.000 250.000 0.820
   1238  18.000  89.550   0.000 250.000 0.820
   1238  18.000  87.550   0.000 300.000 0.000
   1238  18.000  87.750   0.000 300.000 0.000
   1238  18.000  87.950   0.000 300.000 0.000
   1238  18.000  88.150   0.000 300.000 0.000
   1238  18.000  88.350   0.000 300.000 0.820
   1238  18.000  88.550   0.000 300.000 0.820
   1238  18.000  88.750   0.000 300.000 0.820
   1238  18.000  88.950   0.000 300.000 0.820
   1238  18.000  89.150   0.000 300.000 0.820
   1238  18.000  89.350   0.000 300.000 0.820
   1238  18.000  89.550   0.000 300.000 0.820
   1238  18.000  87.550   0.000 400.000 0.000
   1238  18.000  87.750   0.000 400.000 0.000
   1238  18.000  87.950   0.000 400.000 0.000
   1238  18.000  88.150   0.000 400.000 0.000
   1238  18.000  88.350   0.000 400.000 0.000
   1238  18.000  88.550   0.000 400.000 0.820
   1238  18.000  88.750   0.000 400.000 0.820
   1238  18.000  88.950   0.000 400.000 0.820
   1238  18.000  89.150   0.000 400.000 0.820
   1238  18.000  89.350   0.000 400.000 0.820
   1238  18.000  89.550   0.000 400.000 0.820
   1238  18.000  87.550   0.000 500.000 0.000
   1238  18.000  87.750   0.000 500.000 0.000
   1238  18.000  87.950   0.000 500.000 0.000
   1238  18.000  88.150   0.000 500.000 0.000
   1238  18.000  88.350   0.000 500.000 0.000
   1238  18.000  88.550   0.000 500.000 0.096
   1238  18.000  88.750   0.000 500.000 0.820
   1238  18.000  88.950   0.000 500.000 0.820
   1238  18.000  89.150   0.000 500.000 0.820
   1238  18.000  89.350   0.000 500.000 0.820
   1238  18.000  87.550   0.000 700.000 0.000
   1238  18.000  87.750   0.000 700.000 0.000
   1238  18.000  87.950   0.000 700.000 0.000
   1238  18.000  88.150   0.000 700.000 0.000
   1238  18.000  88.350   0.000 700.000 0.000
   1238  18.000  88.550   0.000 700.000 0.000
   1238  18.000  88.750   0.000 700.000 0.820
   1238  18.000  88.950   0.000 700.000 0.820
   1238  18.000  89.150   0.000 700.000 0.820
   1238  18.000  89.350   0.000 700.000 0.820
   1238  18.000  87.550   0.000 900.000 0.000
   1238  18.000  87.750   0.000 900.000 0.000
   1238  18.000  87.950   0.000 900.000 0.000
   1238  18.000  88.150   0.000 900.000 0.000
   1238  18.000  88.350   0.000 900.000 0.000
   1238  18.000  88.550   0.000 900.000 0.000
   1238  18.000  88.750   0.000 900.000 0.000
   1238  18.000  88.950   0.000 900.000 0.820
   1238  18.000  89.150   0.000 900.000 0.820
   1238  18.000  87.550   0.000 1100.000 0.000
   1238  18.000  87.750   0.000 1100.000 0.000
   1238  18.000  87.950   0.000 1100.000 0.000
   1238  18.000  88.150   0.000 1100.000 0.000
   1238  18.000  88.350   0.000 1100.000 0.000
   1238  18.000  88.550   0.000 1100.000 0.000
   1238  18.000  88.750   0.000 1100.000 0.000
   1238  18.000  88.950   0.000 1100.000 0.590
