#	175 09 0500 4000 090 1.00 de
   1238  16.500  87.550   0.000   0.000 0.000
   1238  16.500  87.750   0.000   0.000 0.000
   1238  16.500  87.950   0.000   0.000 0.000
   1238  16.500  88.150   0.000   0.000 0.000
   1238  16.500  88.350   0.000   0.000 0.000
   1238  16.500  88.550   0.000   0.000 0.000
   1238  16.500  88.750   0.000   0.000 0.000
   1238  16.500  88.950   0.000   0.000 0.011
   1238  16.500  89.150   0.000   0.000 0.021
   1238  16.500  89.350   0.000   0.000 0.015
   1238  16.500  89.550   0.000   0.000 0.009
   1238  16.500  89.750   0.000   0.000 0.013
   1238  16.500  89.950   0.000   0.000 0.009
   1238  16.500  87.550   0.000  25.000 0.000
   1238  16.500  87.750   0.000  25.000 0.000
   1238  16.500  87.950   0.000  25.000 0.000
   1238  16.500  88.150   0.000  25.000 0.000
   1238  16.500  88.350   0.000  25.000 0.000
   1238  16.500  88.550   0.000  25.000 0.000
   1238  16.500  88.750   0.000  25.000 0.000
   1238  16.500  88.950   0.000  25.000 0.001
   1238  16.500  89.150   0.000  25.000 0.020
   1238  16.500  89.350   0.000  25.000 0.017
   1238  16.500  89.550   0.000  25.000 0.014
   1238  16.500  89.750   0.000  25.000 0.008
   1238  16.500  89.950   0.000  25.000 0.010
   1238  16.500  87.550   0.000  50.000 0.000
   1238  16.500  87.750   0.000  50.000 0.000
   1238  16.500  87.950   0.000  50.000 0.000
   1238  16.500  88.150   0.000  50.000 0.000
   1238  16.500  88.350   0.000  50.000 0.000
   1238  16.500  88.550   0.000  50.000 0.000
   1238  16.500  88.750   0.000  50.000 0.000
   1238  16.500  88.950   0.000  50.000 0.000
   1238  16.500  89.150   0.000  50.000 0.011
   1238  16.500  89.350   0.000  50.000 0.020
   1238  16.500  89.550   0.000  50.000 0.014
   1238  16.500  89.750   0.000  50.000 0.014
   1238  16.500  89.950   0.000  50.000 0.010
   1238  16.500  87.550   0.000  75.000 0.000
   1238  16.500  87.750   0.000  75.000 0.000
   1238  16.500  87.950   0.000  75.000 0.000
   1238  16.500  88.150   0.000  75.000 0.000
   1238  16.500  88.350   0.000  75.000 0.000
   1238  16.500  88.550   0.000  75.000 0.000
   1238  16.500  88.750   0.000  75.000 0.000
   1238  16.500  88.950   0.000  75.000 0.000
   1238  16.500  89.150   0.000  75.000 0.007
   1238  16.500  89.350   0.000  75.000 0.019
   1238  16.500  89.550   0.000  75.000 0.010
   1238  16.500  89.750   0.000  75.000 0.012
   1238  16.500  87.550   0.000 100.000 0.000
   1238  16.500  87.750   0.000 100.000 0.000
   1238  16.500  87.950   0.000 100.000 0.000
   1238  16.500  88.150   0.000 100.000 0.000
   1238  16.500  88.350   0.000 100.000 0.000
   1238  16.500  88.550   0.000 100.000 0.000
   1238  16.500  88.750   0.000 100.000 0.000
   1238  16.500  88.950   0.000 100.000 0.000
   1238  16.500  89.150   0.000 100.000 0.006
   1238  16.500  89.350   0.000 100.000 0.009
   1238  16.500  89.550   0.000 100.000 0.014
   1238  16.500  89.750   0.000 100.000 0.010
   1238  16.500  87.550   0.000 125.000 0.000
   1238  16.500  87.750   0.000 125.000 0.000
   1238  16.500  87.950   0.000 125.000 0.000
   1238  16.500  88.150   0.000 125.000 0.000
   1238  16.500  88.350   0.000 125.000 0.000
   1238  16.500  88.550   0.000 125.000 0.000
   1238  16.500  88.750   0.000 125.000 0.000
   1238  16.500  88.950   0.000 125.000 0.000
   1238  16.500  89.150   0.000 125.000 0.000
   1238  16.500  89.350   0.000 125.000 0.004
   1238  16.500  89.550   0.000 125.000 0.015
   1238  16.500  89.750   0.000 125.000 0.009
   1238  16.500  87.550   0.000 150.000 0.000
   1238  16.500  87.750   0.000 150.000 0.000
   1238  16.500  87.950   0.000 150.000 0.000
   1238  16.500  88.150   0.000 150.000 0.000
   1238  16.500  88.350   0.000 150.000 0.000
   1238  16.500  88.550   0.000 150.000 0.000
   1238  16.500  88.750   0.000 150.000 0.000
   1238  16.500  88.950   0.000 150.000 0.000
   1238  16.500  89.150   0.000 150.000 0.000
   1238  16.500  89.350   0.000 150.000 0.004
   1238  16.500  89.550   0.000 150.000 0.014
   1238  16.500  89.750   0.000 150.000 0.013
   1238  16.750  87.550   0.000   0.000 0.000
   1238  16.750  87.750   0.000   0.000 0.000
   1238  16.750  87.950   0.000   0.000 0.000
   1238  16.750  88.150   0.000   0.000 0.000
   1238  16.750  88.350   0.000   0.000 0.000
   1238  16.750  88.550   0.000   0.000 0.000
   1238  16.750  88.750   0.000   0.000 0.005
   1238  16.750  88.950   0.000   0.000 0.790
   1238  16.750  89.150   0.000   0.000 0.768
   1238  16.750  89.350   0.000   0.000 0.711
   1238  16.750  89.550   0.000   0.000 0.496
   1238  16.750  89.750   0.000   0.000 0.367
   1238  16.750  89.950   0.000   0.000 0.178
   1238  16.750  87.550   0.000  25.000 0.000
   1238  16.750  87.750   0.000  25.000 0.000
   1238  16.750  87.950   0.000  25.000 0.000
   1238  16.750  88.150   0.000  25.000 0.000
   1238  16.750  88.350   0.000  25.000 0.000
   1238  16.750  88.550   0.000  25.000 0.000
   1238  16.750  88.750   0.000  25.000 0.001
   1238  16.750  88.950   0.000  25.000 0.782
   1238  16.750  89.150   0.000  25.000 0.773
   1238  16.750  89.350   0.000  25.000 0.710
   1238  16.750  89.550   0.000  25.000 0.537
   1238  16.750  89.750   0.000  25.000 0.353
   1238  16.750  89.950   0.000  25.000 0.303
   1238  16.750  87.550   0.000  50.000 0.000
   1238  16.750  87.750   0.000  50.000 0.000
   1238  16.750  87.950   0.000  50.000 0.000
   1238  16.750  88.150   0.000  50.000 0.000
   1238  16.750  88.350   0.000  50.000 0.000
   1238  16.750  88.550   0.000  50.000 0.000
   1238  16.750  88.750   0.000  50.000 0.000
   1238  16.750  88.950   0.000  50.000 0.761
   1238  16.750  89.150   0.000  50.000 0.768
   1238  16.750  89.350   0.000  50.000 0.707
   1238  16.750  89.550   0.000  50.000 0.544
   1238  16.750  89.750   0.000  50.000 0.366
   1238  16.750  89.950   0.000  50.000 0.277
   1238  16.750  87.550   0.000  75.000 0.000
   1238  16.750  87.750   0.000  75.000 0.000
   1238  16.750  87.950   0.000  75.000 0.000
   1238  16.750  88.150   0.000  75.000 0.000
   1238  16.750  88.350   0.000  75.000 0.000
   1238  16.750  88.550   0.000  75.000 0.000
   1238  16.750  88.750   0.000  75.000 0.000
   1238  16.750  88.950   0.000  75.000 0.571
   1238  16.750  89.150   0.000  75.000 0.769
   1238  16.750  89.350   0.000  75.000 0.729
   1238  16.750  89.550   0.000  75.000 0.539
   1238  16.750  89.750   0.000  75.000 0.390
   1238  16.750  87.550   0.000 100.000 0.000
   1238  16.750  87.750   0.000 100.000 0.000
   1238  16.750  87.950   0.000 100.000 0.000
   1238  16.750  88.150   0.000 100.000 0.000
   1238  16.750  88.350   0.000 100.000 0.000
   1238  16.750  88.550   0.000 100.000 0.000
   1238  16.750  88.750   0.000 100.000 0.000
   1238  16.750  88.950   0.000 100.000 0.236
   1238  16.750  89.150   0.000 100.000 0.746
   1238  16.750  89.350   0.000 100.000 0.713
   1238  16.750  89.550   0.000 100.000 0.590
   1238  16.750  89.750   0.000 100.000 0.402
   1238  16.750  87.550   0.000 125.000 0.000
   1238  16.750  87.750   0.000 125.000 0.000
   1238  16.750  87.950   0.000 125.000 0.000
   1238  16.750  88.150   0.000 125.000 0.000
   1238  16.750  88.350   0.000 125.000 0.000
   1238  16.750  88.550   0.000 125.000 0.000
   1238  16.750  88.750   0.000 125.000 0.000
   1238  16.750  88.950   0.000 125.000 0.023
   1238  16.750  89.150   0.000 125.000 0.722
   1238  16.750  89.350   0.000 125.000 0.710
   1238  16.750  89.550   0.000 125.000 0.590
   1238  16.750  89.750   0.000 125.000 0.430
   1238  16.750  87.550   0.000 150.000 0.000
   1238  16.750  87.750   0.000 150.000 0.000
   1238  16.750  87.950   0.000 150.000 0.000
   1238  16.750  88.150   0.000 150.000 0.000
   1238  16.750  88.350   0.000 150.000 0.000
   1238  16.750  88.550   0.000 150.000 0.000
   1238  16.750  88.750   0.000 150.000 0.000
   1238  16.750  88.950   0.000 150.000 0.004
   1238  16.750  89.150   0.000 150.000 0.689
   1238  16.750  89.350   0.000 150.000 0.708
   1238  16.750  89.550   0.000 150.000 0.567
   1238  16.750  89.750   0.000 150.000 0.390
   1238  16.750  87.550   0.000 175.000 0.000
   1238  16.750  87.750   0.000 175.000 0.000
   1238  16.750  87.950   0.000 175.000 0.000
   1238  16.750  88.150   0.000 175.000 0.000
   1238  16.750  88.350   0.000 175.000 0.000
   1238  16.750  88.550   0.000 175.000 0.000
   1238  16.750  88.750   0.000 175.000 0.000
   1238  16.750  88.950   0.000 175.000 0.000
   1238  16.750  89.150   0.000 175.000 0.583
   1238  16.750  89.350   0.000 175.000 0.649
   1238  16.750  89.550   0.000 175.000 0.558
   1238  16.750  89.750   0.000 175.000 0.426
   1238  16.750  87.550   0.000 200.000 0.000
   1238  16.750  87.750   0.000 200.000 0.000
   1238  16.750  87.950   0.000 200.000 0.000
   1238  16.750  88.150   0.000 200.000 0.000
   1238  16.750  88.350   0.000 200.000 0.000
   1238  16.750  88.550   0.000 200.000 0.000
   1238  16.750  88.750   0.000 200.000 0.000
   1238  16.750  88.950   0.000 200.000 0.000
   1238  16.750  89.150   0.000 200.000 0.315
   1238  16.750  89.350   0.000 200.000 0.678
   1238  16.750  89.550   0.000 200.000 0.621
   1238  17.000  88.700   0.000   0.000 0.768
   1238  17.000  88.900   0.000   0.000 0.820
   1238  17.000  89.100   0.000   0.000 0.820
   1238  17.000  89.300   0.000   0.000 0.801
   1238  17.000  89.500   0.000   0.000 0.781
   1238  17.000  89.700   0.000   0.000 0.756
   1238  17.000  89.900   0.000   0.000 0.691
   1238  17.000  88.700   0.000  25.000 0.816
   1238  17.000  88.900   0.000  25.000 0.820
   1238  17.000  89.100   0.000  25.000 0.820
   1238  17.000  89.300   0.000  25.000 0.815
   1238  17.000  89.500   0.000  25.000 0.795
   1238  17.000  89.700   0.000  25.000 0.777
   1238  17.000  89.900   0.000  25.000 0.708
   1238  17.000  88.700   0.000  50.000 0.761
   1238  17.000  88.900   0.000  50.000 0.820
   1238  17.000  89.100   0.000  50.000 0.820
   1238  17.000  89.300   0.000  50.000 0.818
   1238  17.000  89.500   0.000  50.000 0.796
   1238  17.000  89.700   0.000  50.000 0.770
   1238  17.000  89.900   0.000  50.000 0.763
   1238  17.000  88.700   0.000  75.000 0.016
   1238  17.000  88.900   0.000  75.000 0.820
   1238  17.000  89.100   0.000  75.000 0.820
   1238  17.000  89.300   0.000  75.000 0.814
   1238  17.000  89.500   0.000  75.000 0.797
   1238  17.000  89.700   0.000  75.000 0.772
   1238  17.000  89.900   0.000  75.000 0.776
   1238  17.000  88.700   0.000 100.000 0.000
   1238  17.000  88.900   0.000 100.000 0.820
   1238  17.000  89.100   0.000 100.000 0.820
   1238  17.000  89.300   0.000 100.000 0.819
   1238  17.000  89.500   0.000 100.000 0.791
   1238  17.000  89.700   0.000 100.000 0.767
   1238  17.000  89.900   0.000 100.000 0.750
   1238  17.000  88.700   0.000 150.000 0.000
   1238  17.000  88.900   0.000 150.000 0.820
   1238  17.000  89.100   0.000 150.000 0.820
   1238  17.000  89.300   0.000 150.000 0.818
   1238  17.000  89.500   0.000 150.000 0.795
   1238  17.000  89.700   0.000 150.000 0.779
   1238  17.000  89.900   0.000 150.000 0.751
   1238  17.000  88.700   0.000 200.000 0.000
   1238  17.000  88.900   0.000 200.000 0.772
   1238  17.000  89.100   0.000 200.000 0.820
   1238  17.000  89.300   0.000 200.000 0.819
   1238  17.000  89.500   0.000 200.000 0.801
   1238  17.000  89.700   0.000 200.000 0.768
   1238  17.000  89.900   0.000 200.000 0.754
   1238  17.000  88.700   0.000 300.000 0.000
   1238  17.000  88.900   0.000 300.000 0.002
   1238  17.000  89.100   0.000 300.000 0.820
   1238  17.000  89.300   0.000 300.000 0.818
   1238  17.000  89.500   0.000 300.000 0.809
   1238  17.000  89.700   0.000 300.000 0.773
   1238  17.000  89.900   0.000 300.000 0.764
   1238  17.000  88.700   0.000 500.000 0.000
   1238  17.000  88.900   0.000 500.000 0.000
   1238  17.000  89.100   0.000 500.000 0.000
   1238  17.000  89.300   0.000 500.000 0.790
   1238  17.000  89.500   0.000 500.000 0.794
   1238  17.000  89.700   0.000 500.000 0.762
   1238  17.000  89.900   0.000 500.000 0.745
   1238  17.000  88.700   0.000 800.000 0.000
   1238  17.000  88.900   0.000 800.000 0.000
   1238  17.000  89.100   0.000 800.000 0.000
   1238  17.000  89.300   0.000 800.000 0.245
   1238  17.000  89.500   0.000 800.000 0.787
   1238  17.000  89.700   0.000 800.000 0.780
   1238  17.000  89.900   0.000 800.000 0.762
   1238  17.250  87.550   0.000   0.000 0.000
   1238  17.250  87.750   0.000   0.000 0.000
   1238  17.250  87.950   0.000   0.000 0.000
   1238  17.250  88.150   0.000   0.000 0.000
   1238  17.250  88.350   0.000   0.000 0.000
   1238  17.250  88.550   0.000   0.000 0.002
   1238  17.250  88.750   0.000   0.000 0.820
   1238  17.250  88.950   0.000   0.000 0.820
   1238  17.250  89.150   0.000   0.000 0.820
   1238  17.250  89.350   0.000   0.000 0.820
   1238  17.250  89.550   0.000   0.000 0.818
   1238  17.250  89.750   0.000   0.000 0.807
   1238  17.250  89.950   0.000   0.000 0.793
   1238  17.250  87.550   0.000  25.000 0.000
   1238  17.250  87.750   0.000  25.000 0.000
   1238  17.250  87.950   0.000  25.000 0.000
   1238  17.250  88.150   0.000  25.000 0.000
   1238  17.250  88.350   0.000  25.000 0.000
   1238  17.250  88.550   0.000  25.000 0.000
   1238  17.250  88.750   0.000  25.000 0.820
   1238  17.250  88.950   0.000  25.000 0.820
   1238  17.250  89.150   0.000  25.000 0.820
   1238  17.250  89.350   0.000  25.000 0.820
   1238  17.250  89.550   0.000  25.000 0.815
   1238  17.250  89.750   0.000  25.000 0.799
   1238  17.250  89.950   0.000  25.000 0.795
   1238  17.250  87.550   0.000  50.000 0.000
   1238  17.250  87.750   0.000  50.000 0.000
   1238  17.250  87.950   0.000  50.000 0.000
   1238  17.250  88.150   0.000  50.000 0.000
   1238  17.250  88.350   0.000  50.000 0.000
   1238  17.250  88.550   0.000  50.000 0.000
   1238  17.250  88.750   0.000  50.000 0.820
   1238  17.250  88.950   0.000  50.000 0.820
   1238  17.250  89.150   0.000  50.000 0.820
   1238  17.250  89.350   0.000  50.000 0.820
   1238  17.250  89.550   0.000  50.000 0.819
   1238  17.250  89.750   0.000  50.000 0.813
   1238  17.250  89.950   0.000  50.000 0.790
   1238  17.250  87.550   0.000  75.000 0.000
   1238  17.250  87.750   0.000  75.000 0.000
   1238  17.250  87.950   0.000  75.000 0.000
   1238  17.250  88.150   0.000  75.000 0.000
   1238  17.250  88.350   0.000  75.000 0.000
   1238  17.250  88.550   0.000  75.000 0.000
   1238  17.250  88.750   0.000  75.000 0.820
   1238  17.250  88.950   0.000  75.000 0.820
   1238  17.250  89.150   0.000  75.000 0.820
   1238  17.250  89.350   0.000  75.000 0.820
   1238  17.250  89.550   0.000  75.000 0.818
   1238  17.250  89.750   0.000  75.000 0.805
   1238  17.250  87.550   0.000 100.000 0.000
   1238  17.250  87.750   0.000 100.000 0.000
   1238  17.250  87.950   0.000 100.000 0.000
   1238  17.250  88.150   0.000 100.000 0.000
   1238  17.250  88.350   0.000 100.000 0.000
   1238  17.250  88.550   0.000 100.000 0.000
   1238  17.250  88.750   0.000 100.000 0.820
   1238  17.250  88.950   0.000 100.000 0.820
   1238  17.250  89.150   0.000 100.000 0.820
   1238  17.250  89.350   0.000 100.000 0.820
   1238  17.250  89.550   0.000 100.000 0.819
   1238  17.250  89.750   0.000 100.000 0.813
   1238  17.250  87.550   0.000 150.000 0.000
   1238  17.250  87.750   0.000 150.000 0.000
   1238  17.250  87.950   0.000 150.000 0.000
   1238  17.250  88.150   0.000 150.000 0.000
   1238  17.250  88.350   0.000 150.000 0.000
   1238  17.250  88.550   0.000 150.000 0.000
   1238  17.250  88.750   0.000 150.000 0.809
   1238  17.250  88.950   0.000 150.000 0.820
   1238  17.250  89.150   0.000 150.000 0.820
   1238  17.250  89.350   0.000 150.000 0.820
   1238  17.250  89.550   0.000 150.000 0.820
   1238  17.250  89.750   0.000 150.000 0.816
   1238  17.250  87.550   0.000 225.000 0.000
   1238  17.250  87.750   0.000 225.000 0.000
   1238  17.250  87.950   0.000 225.000 0.000
   1238  17.250  88.150   0.000 225.000 0.000
   1238  17.250  88.350   0.000 225.000 0.000
   1238  17.250  88.550   0.000 225.000 0.000
   1238  17.250  88.750   0.000 225.000 0.039
   1238  17.250  88.950   0.000 225.000 0.820
   1238  17.250  89.150   0.000 225.000 0.820
   1238  17.250  89.350   0.000 225.000 0.820
   1238  17.250  89.550   0.000 225.000 0.820
   1238  17.250  87.550   0.000 300.000 0.000
   1238  17.250  87.750   0.000 300.000 0.000
   1238  17.250  87.950   0.000 300.000 0.000
   1238  17.250  88.150   0.000 300.000 0.000
   1238  17.250  88.350   0.000 300.000 0.000
   1238  17.250  88.550   0.000 300.000 0.000
   1238  17.250  88.750   0.000 300.000 0.000
   1238  17.250  88.950   0.000 300.000 0.820
   1238  17.250  89.150   0.000 300.000 0.820
   1238  17.250  89.350   0.000 300.000 0.820
   1238  17.250  89.550   0.000 300.000 0.820
   1238  17.250  87.550   0.000 400.000 0.000
   1238  17.250  87.750   0.000 400.000 0.000
   1238  17.250  87.950   0.000 400.000 0.000
   1238  17.250  88.150   0.000 400.000 0.000
   1238  17.250  88.350   0.000 400.000 0.000
   1238  17.250  88.550   0.000 400.000 0.000
   1238  17.250  88.750   0.000 400.000 0.000
   1238  17.250  88.950   0.000 400.000 0.703
   1238  17.250  89.150   0.000 400.000 0.820
   1238  17.250  89.350   0.000 400.000 0.820
   1238  17.250  89.550   0.000 400.000 0.820
   1238  17.250  87.550   0.000 500.000 0.000
   1238  17.250  87.750   0.000 500.000 0.000
   1238  17.250  87.950   0.000 500.000 0.000
   1238  17.250  88.150   0.000 500.000 0.000
   1238  17.250  88.350   0.000 500.000 0.000
   1238  17.250  88.550   0.000 500.000 0.000
   1238  17.250  88.750   0.000 500.000 0.000
   1238  17.250  88.950   0.000 500.000 0.000
   1238  17.250  89.150   0.000 500.000 0.753
   1238  17.250  89.350   0.000 500.000 0.820
   1238  17.500  88.300   0.000   0.000 0.000
   1238  17.500  88.500   0.000   0.000 0.819
   1238  17.500  88.700   0.000   0.000 0.820
   1238  17.500  88.900   0.000   0.000 0.820
   1238  17.500  89.100   0.000   0.000 0.820
   1238  17.500  89.300   0.000   0.000 0.820
   1238  17.500  89.500   0.000   0.000 0.820
   1238  17.500  89.700   0.000   0.000 0.820
   1238  17.500  89.900   0.000   0.000 0.820
   1238  17.500  88.300   0.000  25.000 0.000
   1238  17.500  88.500   0.000  25.000 0.765
   1238  17.500  88.700   0.000  25.000 0.820
   1238  17.500  88.900   0.000  25.000 0.820
   1238  17.500  89.100   0.000  25.000 0.820
   1238  17.500  89.300   0.000  25.000 0.820
   1238  17.500  89.500   0.000  25.000 0.820
   1238  17.500  89.700   0.000  25.000 0.820
   1238  17.500  89.900   0.000  25.000 0.820
   1238  17.500  88.300   0.000  50.000 0.000
   1238  17.500  88.500   0.000  50.000 0.036
   1238  17.500  88.700   0.000  50.000 0.820
   1238  17.500  88.900   0.000  50.000 0.820
   1238  17.500  89.100   0.000  50.000 0.820
   1238  17.500  89.300   0.000  50.000 0.820
   1238  17.500  89.500   0.000  50.000 0.820
   1238  17.500  89.700   0.000  50.000 0.820
   1238  17.500  89.900   0.000  50.000 0.820
   1238  17.500  88.300   0.000  75.000 0.000
   1238  17.500  88.500   0.000  75.000 0.000
   1238  17.500  88.700   0.000  75.000 0.820
   1238  17.500  88.900   0.000  75.000 0.820
   1238  17.500  89.100   0.000  75.000 0.820
   1238  17.500  89.300   0.000  75.000 0.820
   1238  17.500  89.500   0.000  75.000 0.820
   1238  17.500  89.700   0.000  75.000 0.820
   1238  17.500  89.900   0.000  75.000 0.820
   1238  17.500  88.300   0.000 100.000 0.000
   1238  17.500  88.500   0.000 100.000 0.000
   1238  17.500  88.700   0.000 100.000 0.820
   1238  17.500  88.900   0.000 100.000 0.820
   1238  17.500  89.100   0.000 100.000 0.820
   1238  17.500  89.300   0.000 100.000 0.820
   1238  17.500  89.500   0.000 100.000 0.820
   1238  17.500  89.700   0.000 100.000 0.820
   1238  17.500  89.900   0.000 100.000 0.820
   1238  17.500  88.300   0.000 150.000 0.000
   1238  17.500  88.500   0.000 150.000 0.000
   1238  17.500  88.700   0.000 150.000 0.820
   1238  17.500  88.900   0.000 150.000 0.820
   1238  17.500  89.100   0.000 150.000 0.820
   1238  17.500  89.300   0.000 150.000 0.820
   1238  17.500  89.500   0.000 150.000 0.820
   1238  17.500  89.700   0.000 150.000 0.820
   1238  17.500  89.900   0.000 150.000 0.820
   1238  17.500  88.300   0.000 200.000 0.000
   1238  17.500  88.500   0.000 200.000 0.000
   1238  17.500  88.700   0.000 200.000 0.815
   1238  17.500  88.900   0.000 200.000 0.820
   1238  17.500  89.100   0.000 200.000 0.820
   1238  17.500  89.300   0.000 200.000 0.820
   1238  17.500  89.500   0.000 200.000 0.820
   1238  17.500  89.700   0.000 200.000 0.820
   1238  17.500  89.900   0.000 200.000 0.820
   1238  17.500  88.300   0.000 300.000 0.000
   1238  17.500  88.500   0.000 300.000 0.000
   1238  17.500  88.700   0.000 300.000 0.196
   1238  17.500  88.900   0.000 300.000 0.820
   1238  17.500  89.100   0.000 300.000 0.820
   1238  17.500  89.300   0.000 300.000 0.820
   1238  17.500  89.500   0.000 300.000 0.820
   1238  17.500  89.700   0.000 300.000 0.820
   1238  17.500  89.900   0.000 300.000 0.820
   1238  17.500  88.300   0.000 500.000 0.000
   1238  17.500  88.500   0.000 500.000 0.000
   1238  17.500  88.700   0.000 500.000 0.000
   1238  17.500  88.900   0.000 500.000 0.239
   1238  17.500  89.100   0.000 500.000 0.820
   1238  17.500  89.300   0.000 500.000 0.820
   1238  17.500  89.500   0.000 500.000 0.820
   1238  17.500  89.700   0.000 500.000 0.820
   1238  17.500  89.900   0.000 500.000 0.820
   1238  17.500  88.300   0.000 800.000 0.000
   1238  17.500  88.500   0.000 800.000 0.000
   1238  17.500  88.700   0.000 800.000 0.000
   1238  17.500  88.900   0.000 800.000 0.000
   1238  17.500  89.100   0.000 800.000 0.430
   1238  17.500  89.300   0.000 800.000 0.820
   1238  17.500  89.500   0.000 800.000 0.820
   1238  17.500  89.700   0.000 800.000 0.820
   1238  17.500  89.900   0.000 800.000 0.820
   1238  17.750  87.550   0.000   0.000 0.000
   1238  17.750  87.750   0.000   0.000 0.000
   1238  17.750  87.950   0.000   0.000 0.000
   1238  17.750  88.150   0.000   0.000 0.000
   1238  17.750  88.350   0.000   0.000 0.820
   1238  17.750  88.550   0.000   0.000 0.820
   1238  17.750  88.750   0.000   0.000 0.820
   1238  17.750  88.950   0.000   0.000 0.820
   1238  17.750  89.150   0.000   0.000 0.820
   1238  17.750  89.350   0.000   0.000 0.820
   1238  17.750  89.550   0.000   0.000 0.820
   1238  17.750  89.750   0.000   0.000 0.820
   1238  17.750  89.950   0.000   0.000 0.820
   1238  17.750  87.550   0.000  50.000 0.000
   1238  17.750  87.750   0.000  50.000 0.000
   1238  17.750  87.950   0.000  50.000 0.000
   1238  17.750  88.150   0.000  50.000 0.000
   1238  17.750  88.350   0.000  50.000 0.015
   1238  17.750  88.550   0.000  50.000 0.820
   1238  17.750  88.750   0.000  50.000 0.820
   1238  17.750  88.950   0.000  50.000 0.820
   1238  17.750  89.150   0.000  50.000 0.820
   1238  17.750  89.350   0.000  50.000 0.820
   1238  17.750  89.550   0.000  50.000 0.820
   1238  17.750  89.750   0.000  50.000 0.820
   1238  17.750  89.950   0.000  50.000 0.820
   1238  17.750  87.550   0.000 100.000 0.000
   1238  17.750  87.750   0.000 100.000 0.000
   1238  17.750  87.950   0.000 100.000 0.000
   1238  17.750  88.150   0.000 100.000 0.000
   1238  17.750  88.350   0.000 100.000 0.000
   1238  17.750  88.550   0.000 100.000 0.820
   1238  17.750  88.750   0.000 100.000 0.820
   1238  17.750  88.950   0.000 100.000 0.820
   1238  17.750  89.150   0.000 100.000 0.820
   1238  17.750  89.350   0.000 100.000 0.820
   1238  17.750  89.550   0.000 100.000 0.820
   1238  17.750  89.750   0.000 100.000 0.820
   1238  17.750  87.550   0.000 150.000 0.000
   1238  17.750  87.750   0.000 150.000 0.000
   1238  17.750  87.950   0.000 150.000 0.000
   1238  17.750  88.150   0.000 150.000 0.000
   1238  17.750  88.350   0.000 150.000 0.000
   1238  17.750  88.550   0.000 150.000 0.820
   1238  17.750  88.750   0.000 150.000 0.820
   1238  17.750  88.950   0.000 150.000 0.820
   1238  17.750  89.150   0.000 150.000 0.820
   1238  17.750  89.350   0.000 150.000 0.820
   1238  17.750  89.550   0.000 150.000 0.820
   1238  17.750  89.750   0.000 150.000 0.820
   1238  17.750  87.550   0.000 200.000 0.000
   1238  17.750  87.750   0.000 200.000 0.000
   1238  17.750  87.950   0.000 200.000 0.000
   1238  17.750  88.150   0.000 200.000 0.000
   1238  17.750  88.350   0.000 200.000 0.000
   1238  17.750  88.550   0.000 200.000 0.803
   1238  17.750  88.750   0.000 200.000 0.820
   1238  17.750  88.950   0.000 200.000 0.820
   1238  17.750  89.150   0.000 200.000 0.820
   1238  17.750  89.350   0.000 200.000 0.820
   1238  17.750  89.550   0.000 200.000 0.820
   1238  17.750  87.550   0.000 250.000 0.000
   1238  17.750  87.750   0.000 250.000 0.000
   1238  17.750  87.950   0.000 250.000 0.000
   1238  17.750  88.150   0.000 250.000 0.000
   1238  17.750  88.350   0.000 250.000 0.000
   1238  17.750  88.550   0.000 250.000 0.039
   1238  17.750  88.750   0.000 250.000 0.820
   1238  17.750  88.950   0.000 250.000 0.820
   1238  17.750  89.150   0.000 250.000 0.820
   1238  17.750  89.350   0.000 250.000 0.820
   1238  17.750  89.550   0.000 250.000 0.820
   1238  17.750  87.550   0.000 300.000 0.000
   1238  17.750  87.750   0.000 300.000 0.000
   1238  17.750  87.950   0.000 300.000 0.000
   1238  17.750  88.150   0.000 300.000 0.000
   1238  17.750  88.350   0.000 300.000 0.000
   1238  17.750  88.550   0.000 300.000 0.539
   1238  17.750  88.750   0.000 300.000 0.820
   1238  17.750  88.950   0.000 300.000 0.820
   1238  17.750  89.150   0.000 300.000 0.820
   1238  17.750  89.350   0.000 300.000 0.820
   1238  17.750  89.550   0.000 300.000 0.820
   1238  17.750  87.550   0.000 400.000 0.000
   1238  17.750  87.750   0.000 400.000 0.000
   1238  17.750  87.950   0.000 400.000 0.000
   1238  17.750  88.150   0.000 400.000 0.000
   1238  17.750  88.350   0.000 400.000 0.000
   1238  17.750  88.550   0.000 400.000 0.000
   1238  17.750  88.750   0.000 400.000 0.792
   1238  17.750  88.950   0.000 400.000 0.820
   1238  17.750  89.150   0.000 400.000 0.820
   1238  17.750  89.350   0.000 400.000 0.820
   1238  17.750  89.550   0.000 400.000 0.820
   1238  17.750  87.550   0.000 500.000 0.000
   1238  17.750  87.750   0.000 500.000 0.000
   1238  17.750  87.950   0.000 500.000 0.000
   1238  17.750  88.150   0.000 500.000 0.000
   1238  17.750  88.350   0.000 500.000 0.000
   1238  17.750  88.550   0.000 500.000 0.000
   1238  17.750  88.750   0.000 500.000 0.076
   1238  17.750  88.950   0.000 500.000 0.820
   1238  17.750  89.150   0.000 500.000 0.820
   1238  17.750  89.350   0.000 500.000 0.820
   1238  17.750  87.550   0.000 700.000 0.000
   1238  17.750  87.750   0.000 700.000 0.000
   1238  17.750  87.950   0.000 700.000 0.000
   1238  17.750  88.150   0.000 700.000 0.000
   1238  17.750  88.350   0.000 700.000 0.000
   1238  17.750  88.550   0.000 700.000 0.000
   1238  17.750  88.750   0.000 700.000 0.000
   1238  17.750  88.950   0.000 700.000 0.741
   1238  17.750  89.150   0.000 700.000 0.820
   1238  17.750  89.350   0.000 700.000 0.820
   1238  17.750  87.550   0.000 900.000 0.000
   1238  17.750  87.750   0.000 900.000 0.000
   1238  17.750  87.950   0.000 900.000 0.000
   1238  17.750  88.150   0.000 900.000 0.000
   1238  17.750  88.350   0.000 900.000 0.000
   1238  17.750  88.550   0.000 900.000 0.000
   1238  17.750  88.750   0.000 900.000 0.000
   1238  17.750  88.950   0.000 900.000 0.000
   1238  17.750  89.150   0.000 900.000 0.812
   1238  17.750  87.550   0.000 1100.000 0.000
   1238  17.750  87.750   0.000 1100.000 0.000
   1238  17.750  87.950   0.000 1100.000 0.000
   1238  17.750  88.150   0.000 1100.000 0.000
   1238  17.750  88.350   0.000 1100.000 0.000
   1238  17.750  88.550   0.000 1100.000 0.000
   1238  17.750  88.750   0.000 1100.000 0.000
   1238  17.750  88.950   0.000 1100.000 0.000
   1238  18.000  87.550   0.000   0.000 0.000
   1238  18.000  87.750   0.000   0.000 0.000
   1238  18.000  87.950   0.000   0.000 0.000
   1238  18.000  88.150   0.000   0.000 0.820
   1238  18.000  88.350   0.000   0.000 0.820
   1238  18.000  88.550   0.000   0.000 0.820
   1238  18.000  88.750   0.000   0.000 0.820
   1238  18.000  88.950   0.000   0.000 0.820
   1238  18.000  89.150   0.000   0.000 0.820
   1238  18.000  89.350   0.000   0.000 0.820
   1238  18.000  89.550   0.000   0.000 0.820
   1238  18.000  89.750   0.000   0.000 0.820
   1238  18.000  89.950   0.000   0.000 0.820
   1238  18.000  87.550   0.000  50.000 0.000
   1238  18.000  87.750   0.000  50.000 0.000
   1238  18.000  87.950   0.000  50.000 0.000
   1238  18.000  88.150   0.000  50.000 0.009
   1238  18.000  88.350   0.000  50.000 0.820
   1238  18.000  88.550   0.000  50.000 0.820
   1238  18.000  88.750   0.000  50.000 0.820
   1238  18.000  88.950   0.000  50.000 0.820
   1238  18.000  89.150   0.000  50.000 0.820
   1238  18.000  89.350   0.000  50.000 0.820
   1238  18.000  89.550   0.000  50.000 0.820
   1238  18.000  89.750   0.000  50.000 0.820
   1238  18.000  89.950   0.000  50.000 0.820
   1238  18.000  87.550   0.000 100.000 0.000
   1238  18.000  87.750   0.000 100.000 0.000
   1238  18.000  87.950   0.000 100.000 0.000
   1238  18.000  88.150   0.000 100.000 0.000
   1238  18.000  88.350   0.000 100.000 0.820
   1238  18.000  88.550   0.000 100.000 0.820
   1238  18.000  88.750   0.000 100.000 0.820
   1238  18.000  88.950   0.000 100.000 0.820
   1238  18.000  89.150   0.000 100.000 0.820
   1238  18.000  89.350   0.000 100.000 0.820
   1238  18.000  89.550   0.000 100.000 0.820
   1238  18.000  89.750   0.000 100.000 0.820
   1238  18.000  87.550   0.000 150.000 0.000
   1238  18.000  87.750   0.000 150.000 0.000
   1238  18.000  87.950   0.000 150.000 0.000
   1238  18.000  88.150   0.000 150.000 0.000
   1238  18.000  88.350   0.000 150.000 0.820
   1238  18.000  88.550   0.000 150.000 0.820
   1238  18.000  88.750   0.000 150.000 0.820
   1238  18.000  88.950   0.000 150.000 0.820
   1238  18.000  89.150   0.000 150.000 0.820
   1238  18.000  89.350   0.000 150.000 0.820
   1238  18.000  89.550   0.000 150.000 0.820
   1238  18.000  89.750   0.000 150.000 0.820
   1238  18.000  87.550   0.000 200.000 0.000
   1238  18.000  87.750   0.000 200.000 0.000
   1238  18.000  87.950   0.000 200.000 0.000
   1238  18.000  88.150   0.000 200.000 0.021
   1238  18.000  88.350   0.000 200.000 0.662
   1238  18.000  88.550   0.000 200.000 0.820
   1238  18.000  88.750   0.000 200.000 0.820
   1238  18.000  88.950   0.000 200.000 0.820
   1238  18.000  89.150   0.000 200.000 0.820
   1238  18.000  89.350   0.000 200.000 0.820
   1238  18.000  89.550   0.000 200.000 0.820
   1238  18.000  87.550   0.000 250.000 0.000
   1238  18.000  87.750   0.000 250.000 0.000
   1238  18.000  87.950   0.000 250.000 0.000
   1238  18.000  88.150   0.000 250.000 0.000
   1238  18.000  88.350   0.000 250.000 0.798
   1238  18.000  88.550   0.000 250.000 0.820
   1238  18.000  88.750   0.000 250.000 0.820
   1238  18.000  88.950   0.000 250.000 0.820
   1238  18.000  89.150   0.000 250.000 0.820
   1238  18.000  89.350   0.000 250.000 0.820
   1238  18.000  89.550   0.000 250.000 0.820
   1238  18.000  87.550   0.000 300.000 0.000
   1238  18.000  87.750   0.000 300.000 0.000
   1238  18.000  87.950   0.000 300.000 0.000
   1238  18.000  88.150   0.000 300.000 0.000
   1238  18.000  88.350   0.000 300.000 0.731
   1238  18.000  88.550   0.000 300.000 0.820
   1238  18.000  88.750   0.000 300.000 0.820
   1238  18.000  88.950   0.000 300.000 0.820
   1238  18.000  89.150   0.000 300.000 0.820
   1238  18.000  89.350   0.000 300.000 0.820
   1238  18.000  89.550   0.000 300.000 0.820
   1238  18.000  87.550   0.000 400.000 0.000
   1238  18.000  87.750   0.000 400.000 0.000
   1238  18.000  87.950   0.000 400.000 0.000
   1238  18.000  88.150   0.000 400.000 0.000
   1238  18.000  88.350   0.000 400.000 0.000
   1238  18.000  88.550   0.000 400.000 0.802
   1238  18.000  88.750   0.000 400.000 0.820
   1238  18.000  88.950   0.000 400.000 0.820
   1238  18.000  89.150   0.000 400.000 0.820
   1238  18.000  89.350   0.000 400.000 0.820
   1238  18.000  89.550   0.000 400.000 0.820
   1238  18.000  87.550   0.000 500.000 0.000
   1238  18.000  87.750   0.000 500.000 0.000
   1238  18.000  87.950   0.000 500.000 0.000
   1238  18.000  88.150   0.000 500.000 0.000
   1238  18.000  88.350   0.000 500.000 0.000
   1238  18.000  88.550   0.000 500.000 0.000
   1238  18.000  88.750   0.000 500.000 0.820
   1238  18.000  88.950   0.000 500.000 0.820
   1238  18.000  89.150   0.000 500.000 0.820
   1238  18.000  89.350   0.000 500.000 0.820
   1238  18.000  87.550   0.000 700.000 0.000
   1238  18.000  87.750   0.000 700.000 0.000
   1238  18.000  87.950   0.000 700.000 0.000
   1238  18.000  88.150   0.000 700.000 0.000
   1238  18.000  88.350   0.000 700.000 0.000
   1238  18.000  88.550   0.000 700.000 0.000
   1238  18.000  88.750   0.000 700.000 0.768
   1238  18.000  88.950   0.000 700.000 0.820
   1238  18.000  89.150   0.000 700.000 0.820
   1238  18.000  89.350   0.000 700.000 0.820
   1238  18.000  87.550   0.000 900.000 0.000
   1238  18.000  87.750   0.000 900.000 0.000
   1238  18.000  87.950   0.000 900.000 0.000
   1238  18.000  88.150   0.000 900.000 0.000
   1238  18.000  88.350   0.000 900.000 0.000
   1238  18.000  88.550   0.000 900.000 0.000
   1238  18.000  88.750   0.000 900.000 0.000
   1238  18.000  88.950   0.000 900.000 0.786
   1238  18.000  89.150   0.000 900.000 0.820
   1238  18.000  87.550   0.000 1100.000 0.000
   1238  18.000  87.750   0.000 1100.000 0.000
   1238  18.000  87.950   0.000 1100.000 0.000
   1238  18.000  88.150   0.000 1100.000 0.000
   1238  18.000  88.350   0.000 1100.000 0.000
   1238  18.000  88.550   0.000 1100.000 0.000
   1238  18.000  88.750   0.000 1100.000 0.000
   1238  18.000  88.950   0.000 1100.000 0.000
