#	200 05 0500 5000 090 1.00 de
   1238  16.500  87.550   0.000   0.000 0.000
   1238  16.500  87.750   0.000   0.000 0.000
   1238  16.500  87.950   0.000   0.000 0.000
   1238  16.500  88.150   0.000   0.000 0.000
   1238  16.500  88.350   0.000   0.000 0.000
   1238  16.500  88.550   0.000   0.000 0.000
   1238  16.500  88.750   0.000   0.000 0.000
   1238  16.500  88.950   0.000   0.000 0.008
   1238  16.500  89.150   0.000   0.000 0.052
   1238  16.500  89.350   0.000   0.000 0.062
   1238  16.500  89.550   0.000   0.000 0.055
   1238  16.500  89.750   0.000   0.000 0.033
   1238  16.500  89.950   0.000   0.000 0.028
   1238  16.500  87.550   0.000  25.000 0.000
   1238  16.500  87.750   0.000  25.000 0.000
   1238  16.500  87.950   0.000  25.000 0.000
   1238  16.500  88.150   0.000  25.000 0.000
   1238  16.500  88.350   0.000  25.000 0.000
   1238  16.500  88.550   0.000  25.000 0.000
   1238  16.500  88.750   0.000  25.000 0.000
   1238  16.500  88.950   0.000  25.000 0.000
   1238  16.500  89.150   0.000  25.000 0.032
   1238  16.500  89.350   0.000  25.000 0.034
   1238  16.500  89.550   0.000  25.000 0.036
   1238  16.500  89.750   0.000  25.000 0.034
   1238  16.500  89.950   0.000  25.000 0.033
   1238  16.500  87.550   0.000  50.000 0.000
   1238  16.500  87.750   0.000  50.000 0.000
   1238  16.500  87.950   0.000  50.000 0.000
   1238  16.500  88.150   0.000  50.000 0.000
   1238  16.500  88.350   0.000  50.000 0.000
   1238  16.500  88.550   0.000  50.000 0.000
   1238  16.500  88.750   0.000  50.000 0.000
   1238  16.500  88.950   0.000  50.000 0.000
   1238  16.500  89.150   0.000  50.000 0.016
   1238  16.500  89.350   0.000  50.000 0.023
   1238  16.500  89.550   0.000  50.000 0.057
   1238  16.500  89.750   0.000  50.000 0.038
   1238  16.500  89.950   0.000  50.000 0.043
   1238  16.500  87.550   0.000  75.000 0.000
   1238  16.500  87.750   0.000  75.000 0.000
   1238  16.500  87.950   0.000  75.000 0.000
   1238  16.500  88.150   0.000  75.000 0.000
   1238  16.500  88.350   0.000  75.000 0.000
   1238  16.500  88.550   0.000  75.000 0.000
   1238  16.500  88.750   0.000  75.000 0.000
   1238  16.500  88.950   0.000  75.000 0.000
   1238  16.500  89.150   0.000  75.000 0.007
   1238  16.500  89.350   0.000  75.000 0.023
   1238  16.500  89.550   0.000  75.000 0.027
   1238  16.500  89.750   0.000  75.000 0.035
   1238  16.500  87.550   0.000 100.000 0.000
   1238  16.500  87.750   0.000 100.000 0.000
   1238  16.500  87.950   0.000 100.000 0.000
   1238  16.500  88.150   0.000 100.000 0.000
   1238  16.500  88.350   0.000 100.000 0.000
   1238  16.500  88.550   0.000 100.000 0.000
   1238  16.500  88.750   0.000 100.000 0.000
   1238  16.500  88.950   0.000 100.000 0.000
   1238  16.500  89.150   0.000 100.000 0.000
   1238  16.500  89.350   0.000 100.000 0.016
   1238  16.500  89.550   0.000 100.000 0.025
   1238  16.500  89.750   0.000 100.000 0.024
   1238  16.500  87.550   0.000 125.000 0.000
   1238  16.500  87.750   0.000 125.000 0.000
   1238  16.500  87.950   0.000 125.000 0.000
   1238  16.500  88.150   0.000 125.000 0.000
   1238  16.500  88.350   0.000 125.000 0.000
   1238  16.500  88.550   0.000 125.000 0.000
   1238  16.500  88.750   0.000 125.000 0.000
   1238  16.500  88.950   0.000 125.000 0.000
   1238  16.500  89.150   0.000 125.000 0.000
   1238  16.500  89.350   0.000 125.000 0.010
   1238  16.500  89.550   0.000 125.000 0.025
   1238  16.500  89.750   0.000 125.000 0.019
   1238  16.500  87.550   0.000 150.000 0.000
   1238  16.500  87.750   0.000 150.000 0.000
   1238  16.500  87.950   0.000 150.000 0.000
   1238  16.500  88.150   0.000 150.000 0.000
   1238  16.500  88.350   0.000 150.000 0.000
   1238  16.500  88.550   0.000 150.000 0.000
   1238  16.500  88.750   0.000 150.000 0.000
   1238  16.500  88.950   0.000 150.000 0.000
   1238  16.500  89.150   0.000 150.000 0.000
   1238  16.500  89.350   0.000 150.000 0.002
   1238  16.500  89.550   0.000 150.000 0.017
   1238  16.500  89.750   0.000 150.000 0.020
   1238  16.750  87.550   0.000   0.000 0.000
   1238  16.750  87.750   0.000   0.000 0.000
   1238  16.750  87.950   0.000   0.000 0.000
   1238  16.750  88.150   0.000   0.000 0.000
   1238  16.750  88.350   0.000   0.000 0.000
   1238  16.750  88.550   0.000   0.000 0.000
   1238  16.750  88.750   0.000   0.000 0.000
   1238  16.750  88.950   0.000   0.000 0.794
   1238  16.750  89.150   0.000   0.000 0.760
   1238  16.750  89.350   0.000   0.000 0.758
   1238  16.750  89.550   0.000   0.000 0.653
   1238  16.750  89.750   0.000   0.000 0.580
   1238  16.750  89.950   0.000   0.000 0.470
   1238  16.750  87.550   0.000  25.000 0.000
   1238  16.750  87.750   0.000  25.000 0.000
   1238  16.750  87.950   0.000  25.000 0.000
   1238  16.750  88.150   0.000  25.000 0.000
   1238  16.750  88.350   0.000  25.000 0.000
   1238  16.750  88.550   0.000  25.000 0.000
   1238  16.750  88.750   0.000  25.000 0.000
   1238  16.750  88.950   0.000  25.000 0.745
   1238  16.750  89.150   0.000  25.000 0.777
   1238  16.750  89.350   0.000  25.000 0.710
   1238  16.750  89.550   0.000  25.000 0.673
   1238  16.750  89.750   0.000  25.000 0.579
   1238  16.750  89.950   0.000  25.000 0.552
   1238  16.750  87.550   0.000  50.000 0.000
   1238  16.750  87.750   0.000  50.000 0.000
   1238  16.750  87.950   0.000  50.000 0.000
   1238  16.750  88.150   0.000  50.000 0.000
   1238  16.750  88.350   0.000  50.000 0.000
   1238  16.750  88.550   0.000  50.000 0.000
   1238  16.750  88.750   0.000  50.000 0.000
   1238  16.750  88.950   0.000  50.000 0.695
   1238  16.750  89.150   0.000  50.000 0.740
   1238  16.750  89.350   0.000  50.000 0.731
   1238  16.750  89.550   0.000  50.000 0.658
   1238  16.750  89.750   0.000  50.000 0.552
   1238  16.750  89.950   0.000  50.000 0.519
   1238  16.750  87.550   0.000  75.000 0.000
   1238  16.750  87.750   0.000  75.000 0.000
   1238  16.750  87.950   0.000  75.000 0.000
   1238  16.750  88.150   0.000  75.000 0.000
   1238  16.750  88.350   0.000  75.000 0.000
   1238  16.750  88.550   0.000  75.000 0.000
   1238  16.750  88.750   0.000  75.000 0.000
   1238  16.750  88.950   0.000  75.000 0.208
   1238  16.750  89.150   0.000  75.000 0.745
   1238  16.750  89.350   0.000  75.000 0.728
   1238  16.750  89.550   0.000  75.000 0.672
   1238  16.750  89.750   0.000  75.000 0.608
   1238  16.750  87.550   0.000 100.000 0.000
   1238  16.750  87.750   0.000 100.000 0.000
   1238  16.750  87.950   0.000 100.000 0.000
   1238  16.750  88.150   0.000 100.000 0.000
   1238  16.750  88.350   0.000 100.000 0.000
   1238  16.750  88.550   0.000 100.000 0.000
   1238  16.750  88.750   0.000 100.000 0.000
   1238  16.750  88.950   0.000 100.000 0.024
   1238  16.750  89.150   0.000 100.000 0.695
   1238  16.750  89.350   0.000 100.000 0.717
   1238  16.750  89.550   0.000 100.000 0.666
   1238  16.750  89.750   0.000 100.000 0.622
   1238  16.750  87.550   0.000 125.000 0.000
   1238  16.750  87.750   0.000 125.000 0.000
   1238  16.750  87.950   0.000 125.000 0.000
   1238  16.750  88.150   0.000 125.000 0.000
   1238  16.750  88.350   0.000 125.000 0.000
   1238  16.750  88.550   0.000 125.000 0.000
   1238  16.750  88.750   0.000 125.000 0.000
   1238  16.750  88.950   0.000 125.000 0.001
   1238  16.750  89.150   0.000 125.000 0.662
   1238  16.750  89.350   0.000 125.000 0.683
   1238  16.750  89.550   0.000 125.000 0.672
   1238  16.750  89.750   0.000 125.000 0.598
   1238  16.750  87.550   0.000 150.000 0.000
   1238  16.750  87.750   0.000 150.000 0.000
   1238  16.750  87.950   0.000 150.000 0.000
   1238  16.750  88.150   0.000 150.000 0.000
   1238  16.750  88.350   0.000 150.000 0.000
   1238  16.750  88.550   0.000 150.000 0.000
   1238  16.750  88.750   0.000 150.000 0.000
   1238  16.750  88.950   0.000 150.000 0.000
   1238  16.750  89.150   0.000 150.000 0.542
   1238  16.750  89.350   0.000 150.000 0.654
   1238  16.750  89.550   0.000 150.000 0.661
   1238  16.750  89.750   0.000 150.000 0.616
   1238  16.750  87.550   0.000 175.000 0.000
   1238  16.750  87.750   0.000 175.000 0.000
   1238  16.750  87.950   0.000 175.000 0.000
   1238  16.750  88.150   0.000 175.000 0.000
   1238  16.750  88.350   0.000 175.000 0.000
   1238  16.750  88.550   0.000 175.000 0.000
   1238  16.750  88.750   0.000 175.000 0.000
   1238  16.750  88.950   0.000 175.000 0.000
   1238  16.750  89.150   0.000 175.000 0.298
   1238  16.750  89.350   0.000 175.000 0.654
   1238  16.750  89.550   0.000 175.000 0.642
   1238  16.750  89.750   0.000 175.000 0.606
   1238  16.750  87.550   0.000 200.000 0.000
   1238  16.750  87.750   0.000 200.000 0.000
   1238  16.750  87.950   0.000 200.000 0.000
   1238  16.750  88.150   0.000 200.000 0.000
   1238  16.750  88.350   0.000 200.000 0.000
   1238  16.750  88.550   0.000 200.000 0.000
   1238  16.750  88.750   0.000 200.000 0.000
   1238  16.750  88.950   0.000 200.000 0.000
   1238  16.750  89.150   0.000 200.000 0.092
   1238  16.750  89.350   0.000 200.000 0.663
   1238  16.750  89.550   0.000 200.000 0.623
   1238  17.000  88.700   0.000   0.000 0.645
   1238  17.000  88.900   0.000   0.000 0.820
   1238  17.000  89.100   0.000   0.000 0.819
   1238  17.000  89.300   0.000   0.000 0.813
   1238  17.000  89.500   0.000   0.000 0.794
   1238  17.000  89.700   0.000   0.000 0.786
   1238  17.000  89.900   0.000   0.000 0.763
   1238  17.000  88.700   0.000  25.000 0.804
   1238  17.000  88.900   0.000  25.000 0.820
   1238  17.000  89.100   0.000  25.000 0.820
   1238  17.000  89.300   0.000  25.000 0.818
   1238  17.000  89.500   0.000  25.000 0.802
   1238  17.000  89.700   0.000  25.000 0.788
   1238  17.000  89.900   0.000  25.000 0.767
   1238  17.000  88.700   0.000  50.000 0.438
   1238  17.000  88.900   0.000  50.000 0.820
   1238  17.000  89.100   0.000  50.000 0.820
   1238  17.000  89.300   0.000  50.000 0.817
   1238  17.000  89.500   0.000  50.000 0.813
   1238  17.000  89.700   0.000  50.000 0.783
   1238  17.000  89.900   0.000  50.000 0.782
   1238  17.000  88.700   0.000  75.000 0.000
   1238  17.000  88.900   0.000  75.000 0.820
   1238  17.000  89.100   0.000  75.000 0.820
   1238  17.000  89.300   0.000  75.000 0.818
   1238  17.000  89.500   0.000  75.000 0.815
   1238  17.000  89.700   0.000  75.000 0.796
   1238  17.000  89.900   0.000  75.000 0.787
   1238  17.000  88.700   0.000 100.000 0.000
   1238  17.000  88.900   0.000 100.000 0.820
   1238  17.000  89.100   0.000 100.000 0.820
   1238  17.000  89.300   0.000 100.000 0.820
   1238  17.000  89.500   0.000 100.000 0.810
   1238  17.000  89.700   0.000 100.000 0.799
   1238  17.000  89.900   0.000 100.000 0.786
   1238  17.000  88.700   0.000 150.000 0.000
   1238  17.000  88.900   0.000 150.000 0.820
   1238  17.000  89.100   0.000 150.000 0.820
   1238  17.000  89.300   0.000 150.000 0.818
   1238  17.000  89.500   0.000 150.000 0.806
   1238  17.000  89.700   0.000 150.000 0.782
   1238  17.000  89.900   0.000 150.000 0.765
   1238  17.000  88.700   0.000 200.000 0.000
   1238  17.000  88.900   0.000 200.000 0.762
   1238  17.000  89.100   0.000 200.000 0.820
   1238  17.000  89.300   0.000 200.000 0.820
   1238  17.000  89.500   0.000 200.000 0.814
   1238  17.000  89.700   0.000 200.000 0.799
   1238  17.000  89.900   0.000 200.000 0.777
   1238  17.000  88.700   0.000 300.000 0.000
   1238  17.000  88.900   0.000 300.000 0.000
   1238  17.000  89.100   0.000 300.000 0.820
   1238  17.000  89.300   0.000 300.000 0.820
   1238  17.000  89.500   0.000 300.000 0.815
   1238  17.000  89.700   0.000 300.000 0.797
   1238  17.000  89.900   0.000 300.000 0.757
   1238  17.000  88.700   0.000 500.000 0.000
   1238  17.000  88.900   0.000 500.000 0.000
   1238  17.000  89.100   0.000 500.000 0.000
   1238  17.000  89.300   0.000 500.000 0.778
   1238  17.000  89.500   0.000 500.000 0.799
   1238  17.000  89.700   0.000 500.000 0.773
   1238  17.000  89.900   0.000 500.000 0.759
   1238  17.000  88.700   0.000 800.000 0.000
   1238  17.000  88.900   0.000 800.000 0.000
   1238  17.000  89.100   0.000 800.000 0.000
   1238  17.000  89.300   0.000 800.000 0.002
   1238  17.000  89.500   0.000 800.000 0.765
   1238  17.000  89.700   0.000 800.000 0.793
   1238  17.000  89.900   0.000 800.000 0.786
   1238  17.250  87.550   0.000   0.000 0.000
   1238  17.250  87.750   0.000   0.000 0.000
   1238  17.250  87.950   0.000   0.000 0.000
   1238  17.250  88.150   0.000   0.000 0.000
   1238  17.250  88.350   0.000   0.000 0.000
   1238  17.250  88.550   0.000   0.000 0.000
   1238  17.250  88.750   0.000   0.000 0.820
   1238  17.250  88.950   0.000   0.000 0.820
   1238  17.250  89.150   0.000   0.000 0.820
   1238  17.250  89.350   0.000   0.000 0.820
   1238  17.250  89.550   0.000   0.000 0.817
   1238  17.250  89.750   0.000   0.000 0.812
   1238  17.250  89.950   0.000   0.000 0.807
   1238  17.250  87.550   0.000  25.000 0.000
   1238  17.250  87.750   0.000  25.000 0.000
   1238  17.250  87.950   0.000  25.000 0.000
   1238  17.250  88.150   0.000  25.000 0.000
   1238  17.250  88.350   0.000  25.000 0.000
   1238  17.250  88.550   0.000  25.000 0.000
   1238  17.250  88.750   0.000  25.000 0.820
   1238  17.250  88.950   0.000  25.000 0.820
   1238  17.250  89.150   0.000  25.000 0.820
   1238  17.250  89.350   0.000  25.000 0.820
   1238  17.250  89.550   0.000  25.000 0.819
   1238  17.250  89.750   0.000  25.000 0.809
   1238  17.250  89.950   0.000  25.000 0.809
   1238  17.250  87.550   0.000  50.000 0.000
   1238  17.250  87.750   0.000  50.000 0.000
   1238  17.250  87.950   0.000  50.000 0.000
   1238  17.250  88.150   0.000  50.000 0.000
   1238  17.250  88.350   0.000  50.000 0.000
   1238  17.250  88.550   0.000  50.000 0.000
   1238  17.250  88.750   0.000  50.000 0.820
   1238  17.250  88.950   0.000  50.000 0.820
   1238  17.250  89.150   0.000  50.000 0.820
   1238  17.250  89.350   0.000  50.000 0.820
   1238  17.250  89.550   0.000  50.000 0.820
   1238  17.250  89.750   0.000  50.000 0.817
   1238  17.250  89.950   0.000  50.000 0.813
   1238  17.250  87.550   0.000  75.000 0.000
   1238  17.250  87.750   0.000  75.000 0.000
   1238  17.250  87.950   0.000  75.000 0.000
   1238  17.250  88.150   0.000  75.000 0.000
   1238  17.250  88.350   0.000  75.000 0.000
   1238  17.250  88.550   0.000  75.000 0.000
   1238  17.250  88.750   0.000  75.000 0.820
   1238  17.250  88.950   0.000  75.000 0.820
   1238  17.250  89.150   0.000  75.000 0.820
   1238  17.250  89.350   0.000  75.000 0.820
   1238  17.250  89.550   0.000  75.000 0.820
   1238  17.250  89.750   0.000  75.000 0.818
   1238  17.250  87.550   0.000 100.000 0.000
   1238  17.250  87.750   0.000 100.000 0.000
   1238  17.250  87.950   0.000 100.000 0.000
   1238  17.250  88.150   0.000 100.000 0.000
   1238  17.250  88.350   0.000 100.000 0.000
   1238  17.250  88.550   0.000 100.000 0.000
   1238  17.250  88.750   0.000 100.000 0.820
   1238  17.250  88.950   0.000 100.000 0.820
   1238  17.250  89.150   0.000 100.000 0.820
   1238  17.250  89.350   0.000 100.000 0.820
   1238  17.250  89.550   0.000 100.000 0.820
   1238  17.250  89.750   0.000 100.000 0.819
   1238  17.250  87.550   0.000 150.000 0.000
   1238  17.250  87.750   0.000 150.000 0.000
   1238  17.250  87.950   0.000 150.000 0.000
   1238  17.250  88.150   0.000 150.000 0.000
   1238  17.250  88.350   0.000 150.000 0.000
   1238  17.250  88.550   0.000 150.000 0.000
   1238  17.250  88.750   0.000 150.000 0.801
   1238  17.250  88.950   0.000 150.000 0.820
   1238  17.250  89.150   0.000 150.000 0.820
   1238  17.250  89.350   0.000 150.000 0.820
   1238  17.250  89.550   0.000 150.000 0.820
   1238  17.250  89.750   0.000 150.000 0.820
   1238  17.250  87.550   0.000 225.000 0.000
   1238  17.250  87.750   0.000 225.000 0.000
   1238  17.250  87.950   0.000 225.000 0.000
   1238  17.250  88.150   0.000 225.000 0.000
   1238  17.250  88.350   0.000 225.000 0.000
   1238  17.250  88.550   0.000 225.000 0.000
   1238  17.250  88.750   0.000 225.000 0.012
   1238  17.250  88.950   0.000 225.000 0.820
   1238  17.250  89.150   0.000 225.000 0.820
   1238  17.250  89.350   0.000 225.000 0.820
   1238  17.250  89.550   0.000 225.000 0.820
   1238  17.250  87.550   0.000 300.000 0.000
   1238  17.250  87.750   0.000 300.000 0.000
   1238  17.250  87.950   0.000 300.000 0.000
   1238  17.250  88.150   0.000 300.000 0.000
   1238  17.250  88.350   0.000 300.000 0.000
   1238  17.250  88.550   0.000 300.000 0.000
   1238  17.250  88.750   0.000 300.000 0.000
   1238  17.250  88.950   0.000 300.000 0.820
   1238  17.250  89.150   0.000 300.000 0.820
   1238  17.250  89.350   0.000 300.000 0.820
   1238  17.250  89.550   0.000 300.000 0.820
   1238  17.250  87.550   0.000 400.000 0.000
   1238  17.250  87.750   0.000 400.000 0.000
   1238  17.250  87.950   0.000 400.000 0.000
   1238  17.250  88.150   0.000 400.000 0.000
   1238  17.250  88.350   0.000 400.000 0.000
   1238  17.250  88.550   0.000 400.000 0.000
   1238  17.250  88.750   0.000 400.000 0.000
   1238  17.250  88.950   0.000 400.000 0.461
   1238  17.250  89.150   0.000 400.000 0.820
   1238  17.250  89.350   0.000 400.000 0.820
   1238  17.250  89.550   0.000 400.000 0.820
   1238  17.250  87.550   0.000 500.000 0.000
   1238  17.250  87.750   0.000 500.000 0.000
   1238  17.250  87.950   0.000 500.000 0.000
   1238  17.250  88.150   0.000 500.000 0.000
   1238  17.250  88.350   0.000 500.000 0.000
   1238  17.250  88.550   0.000 500.000 0.000
   1238  17.250  88.750   0.000 500.000 0.000
   1238  17.250  88.950   0.000 500.000 0.000
   1238  17.250  89.150   0.000 500.000 0.722
   1238  17.250  89.350   0.000 500.000 0.820
   1238  17.500  88.300   0.000   0.000 0.000
   1238  17.500  88.500   0.000   0.000 0.819
   1238  17.500  88.700   0.000   0.000 0.820
   1238  17.500  88.900   0.000   0.000 0.820
   1238  17.500  89.100   0.000   0.000 0.820
   1238  17.500  89.300   0.000   0.000 0.820
   1238  17.500  89.500   0.000   0.000 0.820
   1238  17.500  89.700   0.000   0.000 0.820
   1238  17.500  89.900   0.000   0.000 0.820
   1238  17.500  88.300   0.000  25.000 0.000
   1238  17.500  88.500   0.000  25.000 0.380
   1238  17.500  88.700   0.000  25.000 0.820
   1238  17.500  88.900   0.000  25.000 0.820
   1238  17.500  89.100   0.000  25.000 0.820
   1238  17.500  89.300   0.000  25.000 0.820
   1238  17.500  89.500   0.000  25.000 0.820
   1238  17.500  89.700   0.000  25.000 0.820
   1238  17.500  89.900   0.000  25.000 0.820
   1238  17.500  88.300   0.000  50.000 0.000
   1238  17.500  88.500   0.000  50.000 0.000
   1238  17.500  88.700   0.000  50.000 0.820
   1238  17.500  88.900   0.000  50.000 0.820
   1238  17.500  89.100   0.000  50.000 0.820
   1238  17.500  89.300   0.000  50.000 0.820
   1238  17.500  89.500   0.000  50.000 0.820
   1238  17.500  89.700   0.000  50.000 0.820
   1238  17.500  89.900   0.000  50.000 0.820
   1238  17.500  88.300   0.000  75.000 0.000
   1238  17.500  88.500   0.000  75.000 0.000
   1238  17.500  88.700   0.000  75.000 0.820
   1238  17.500  88.900   0.000  75.000 0.820
   1238  17.500  89.100   0.000  75.000 0.820
   1238  17.500  89.300   0.000  75.000 0.820
   1238  17.500  89.500   0.000  75.000 0.820
   1238  17.500  89.700   0.000  75.000 0.820
   1238  17.500  89.900   0.000  75.000 0.820
   1238  17.500  88.300   0.000 100.000 0.000
   1238  17.500  88.500   0.000 100.000 0.000
   1238  17.500  88.700   0.000 100.000 0.820
   1238  17.500  88.900   0.000 100.000 0.820
   1238  17.500  89.100   0.000 100.000 0.820
   1238  17.500  89.300   0.000 100.000 0.820
   1238  17.500  89.500   0.000 100.000 0.820
   1238  17.500  89.700   0.000 100.000 0.820
   1238  17.500  89.900   0.000 100.000 0.820
   1238  17.500  88.300   0.000 150.000 0.000
   1238  17.500  88.500   0.000 150.000 0.000
   1238  17.500  88.700   0.000 150.000 0.820
   1238  17.500  88.900   0.000 150.000 0.820
   1238  17.500  89.100   0.000 150.000 0.820
   1238  17.500  89.300   0.000 150.000 0.820
   1238  17.500  89.500   0.000 150.000 0.820
   1238  17.500  89.700   0.000 150.000 0.820
   1238  17.500  89.900   0.000 150.000 0.820
   1238  17.500  88.300   0.000 200.000 0.000
   1238  17.500  88.500   0.000 200.000 0.000
   1238  17.500  88.700   0.000 200.000 0.803
   1238  17.500  88.900   0.000 200.000 0.820
   1238  17.500  89.100   0.000 200.000 0.820
   1238  17.500  89.300   0.000 200.000 0.820
   1238  17.500  89.500   0.000 200.000 0.820
   1238  17.500  89.700   0.000 200.000 0.820
   1238  17.500  89.900   0.000 200.000 0.820
   1238  17.500  88.300   0.000 300.000 0.000
   1238  17.500  88.500   0.000 300.000 0.000
   1238  17.500  88.700   0.000 300.000 0.022
   1238  17.500  88.900   0.000 300.000 0.820
   1238  17.500  89.100   0.000 300.000 0.820
   1238  17.500  89.300   0.000 300.000 0.820
   1238  17.500  89.500   0.000 300.000 0.820
   1238  17.500  89.700   0.000 300.000 0.820
   1238  17.500  89.900   0.000 300.000 0.820
   1238  17.500  88.300   0.000 500.000 0.000
   1238  17.500  88.500   0.000 500.000 0.000
   1238  17.500  88.700   0.000 500.000 0.000
   1238  17.500  88.900   0.000 500.000 0.093
   1238  17.500  89.100   0.000 500.000 0.820
   1238  17.500  89.300   0.000 500.000 0.820
   1238  17.500  89.500   0.000 500.000 0.820
   1238  17.500  89.700   0.000 500.000 0.820
   1238  17.500  89.900   0.000 500.000 0.820
   1238  17.500  88.300   0.000 800.000 0.000
   1238  17.500  88.500   0.000 800.000 0.000
   1238  17.500  88.700   0.000 800.000 0.000
   1238  17.500  88.900   0.000 800.000 0.000
   1238  17.500  89.100   0.000 800.000 0.326
   1238  17.500  89.300   0.000 800.000 0.820
   1238  17.500  89.500   0.000 800.000 0.820
   1238  17.500  89.700   0.000 800.000 0.820
   1238  17.500  89.900   0.000 800.000 0.820
   1238  17.750  87.550   0.000   0.000 0.000
   1238  17.750  87.750   0.000   0.000 0.000
   1238  17.750  87.950   0.000   0.000 0.000
   1238  17.750  88.150   0.000   0.000 0.000
   1238  17.750  88.350   0.000   0.000 0.803
   1238  17.750  88.550   0.000   0.000 0.820
   1238  17.750  88.750   0.000   0.000 0.820
   1238  17.750  88.950   0.000   0.000 0.820
   1238  17.750  89.150   0.000   0.000 0.820
   1238  17.750  89.350   0.000   0.000 0.820
   1238  17.750  89.550   0.000   0.000 0.820
   1238  17.750  89.750   0.000   0.000 0.820
   1238  17.750  89.950   0.000   0.000 0.820
   1238  17.750  87.550   0.000  50.000 0.000
   1238  17.750  87.750   0.000  50.000 0.000
   1238  17.750  87.950   0.000  50.000 0.000
   1238  17.750  88.150   0.000  50.000 0.000
   1238  17.750  88.350   0.000  50.000 0.000
   1238  17.750  88.550   0.000  50.000 0.820
   1238  17.750  88.750   0.000  50.000 0.820
   1238  17.750  88.950   0.000  50.000 0.820
   1238  17.750  89.150   0.000  50.000 0.820
   1238  17.750  89.350   0.000  50.000 0.820
   1238  17.750  89.550   0.000  50.000 0.820
   1238  17.750  89.750   0.000  50.000 0.820
   1238  17.750  89.950   0.000  50.000 0.820
   1238  17.750  87.550   0.000 100.000 0.000
   1238  17.750  87.750   0.000 100.000 0.000
   1238  17.750  87.950   0.000 100.000 0.000
   1238  17.750  88.150   0.000 100.000 0.000
   1238  17.750  88.350   0.000 100.000 0.000
   1238  17.750  88.550   0.000 100.000 0.820
   1238  17.750  88.750   0.000 100.000 0.820
   1238  17.750  88.950   0.000 100.000 0.820
   1238  17.750  89.150   0.000 100.000 0.820
   1238  17.750  89.350   0.000 100.000 0.820
   1238  17.750  89.550   0.000 100.000 0.820
   1238  17.750  89.750   0.000 100.000 0.820
   1238  17.750  87.550   0.000 150.000 0.000
   1238  17.750  87.750   0.000 150.000 0.000
   1238  17.750  87.950   0.000 150.000 0.000
   1238  17.750  88.150   0.000 150.000 0.000
   1238  17.750  88.350   0.000 150.000 0.000
   1238  17.750  88.550   0.000 150.000 0.820
   1238  17.750  88.750   0.000 150.000 0.820
   1238  17.750  88.950   0.000 150.000 0.820
   1238  17.750  89.150   0.000 150.000 0.820
   1238  17.750  89.350   0.000 150.000 0.820
   1238  17.750  89.550   0.000 150.000 0.820
   1238  17.750  89.750   0.000 150.000 0.820
   1238  17.750  87.550   0.000 200.000 0.000
   1238  17.750  87.750   0.000 200.000 0.000
   1238  17.750  87.950   0.000 200.000 0.000
   1238  17.750  88.150   0.000 200.000 0.000
   1238  17.750  88.350   0.000 200.000 0.000
   1238  17.750  88.550   0.000 200.000 0.664
   1238  17.750  88.750   0.000 200.000 0.820
   1238  17.750  88.950   0.000 200.000 0.820
   1238  17.750  89.150   0.000 200.000 0.820
   1238  17.750  89.350   0.000 200.000 0.820
   1238  17.750  89.550   0.000 200.000 0.820
   1238  17.750  87.550   0.000 250.000 0.000
   1238  17.750  87.750   0.000 250.000 0.000
   1238  17.750  87.950   0.000 250.000 0.000
   1238  17.750  88.150   0.000 250.000 0.000
   1238  17.750  88.350   0.000 250.000 0.000
   1238  17.750  88.550   0.000 250.000 0.000
   1238  17.750  88.750   0.000 250.000 0.820
   1238  17.750  88.950   0.000 250.000 0.820
   1238  17.750  89.150   0.000 250.000 0.820
   1238  17.750  89.350   0.000 250.000 0.820
   1238  17.750  89.550   0.000 250.000 0.820
   1238  17.750  87.550   0.000 300.000 0.000
   1238  17.750  87.750   0.000 300.000 0.000
   1238  17.750  87.950   0.000 300.000 0.000
   1238  17.750  88.150   0.000 300.000 0.000
   1238  17.750  88.350   0.000 300.000 0.000
   1238  17.750  88.550   0.000 300.000 0.032
   1238  17.750  88.750   0.000 300.000 0.820
   1238  17.750  88.950   0.000 300.000 0.820
   1238  17.750  89.150   0.000 300.000 0.820
   1238  17.750  89.350   0.000 300.000 0.820
   1238  17.750  89.550   0.000 300.000 0.820
   1238  17.750  87.550   0.000 400.000 0.000
   1238  17.750  87.750   0.000 400.000 0.000
   1238  17.750  87.950   0.000 400.000 0.000
   1238  17.750  88.150   0.000 400.000 0.000
   1238  17.750  88.350   0.000 400.000 0.000
   1238  17.750  88.550   0.000 400.000 0.000
   1238  17.750  88.750   0.000 400.000 0.751
   1238  17.750  88.950   0.000 400.000 0.820
   1238  17.750  89.150   0.000 400.000 0.820
   1238  17.750  89.350   0.000 400.000 0.820
   1238  17.750  89.550   0.000 400.000 0.820
   1238  17.750  87.550   0.000 500.000 0.000
   1238  17.750  87.750   0.000 500.000 0.000
   1238  17.750  87.950   0.000 500.000 0.000
   1238  17.750  88.150   0.000 500.000 0.000
   1238  17.750  88.350   0.000 500.000 0.000
   1238  17.750  88.550   0.000 500.000 0.000
   1238  17.750  88.750   0.000 500.000 0.002
   1238  17.750  88.950   0.000 500.000 0.820
   1238  17.750  89.150   0.000 500.000 0.820
   1238  17.750  89.350   0.000 500.000 0.820
   1238  17.750  87.550   0.000 700.000 0.000
   1238  17.750  87.750   0.000 700.000 0.000
   1238  17.750  87.950   0.000 700.000 0.000
   1238  17.750  88.150   0.000 700.000 0.000
   1238  17.750  88.350   0.000 700.000 0.000
   1238  17.750  88.550   0.000 700.000 0.000
   1238  17.750  88.750   0.000 700.000 0.000
   1238  17.750  88.950   0.000 700.000 0.650
   1238  17.750  89.150   0.000 700.000 0.820
   1238  17.750  89.350   0.000 700.000 0.820
   1238  17.750  87.550   0.000 900.000 0.000
   1238  17.750  87.750   0.000 900.000 0.000
   1238  17.750  87.950   0.000 900.000 0.000
   1238  17.750  88.150   0.000 900.000 0.000
   1238  17.750  88.350   0.000 900.000 0.000
   1238  17.750  88.550   0.000 900.000 0.000
   1238  17.750  88.750   0.000 900.000 0.000
   1238  17.750  88.950   0.000 900.000 0.000
   1238  17.750  89.150   0.000 900.000 0.810
   1238  17.750  87.550   0.000 1100.000 0.000
   1238  17.750  87.750   0.000 1100.000 0.000
   1238  17.750  87.950   0.000 1100.000 0.000
   1238  17.750  88.150   0.000 1100.000 0.000
   1238  17.750  88.350   0.000 1100.000 0.000
   1238  17.750  88.550   0.000 1100.000 0.000
   1238  17.750  88.750   0.000 1100.000 0.000
   1238  17.750  88.950   0.000 1100.000 0.000
   1238  18.000  87.550   0.000   0.000 0.000
   1238  18.000  87.750   0.000   0.000 0.000
   1238  18.000  87.950   0.000   0.000 0.000
   1238  18.000  88.150   0.000   0.000 0.518
   1238  18.000  88.350   0.000   0.000 0.820
   1238  18.000  88.550   0.000   0.000 0.820
   1238  18.000  88.750   0.000   0.000 0.820
   1238  18.000  88.950   0.000   0.000 0.820
   1238  18.000  89.150   0.000   0.000 0.820
   1238  18.000  89.350   0.000   0.000 0.820
   1238  18.000  89.550   0.000   0.000 0.820
   1238  18.000  89.750   0.000   0.000 0.820
   1238  18.000  89.950   0.000   0.000 0.820
   1238  18.000  87.550   0.000  50.000 0.000
   1238  18.000  87.750   0.000  50.000 0.000
   1238  18.000  87.950   0.000  50.000 0.000
   1238  18.000  88.150   0.000  50.000 0.000
   1238  18.000  88.350   0.000  50.000 0.820
   1238  18.000  88.550   0.000  50.000 0.820
   1238  18.000  88.750   0.000  50.000 0.820
   1238  18.000  88.950   0.000  50.000 0.820
   1238  18.000  89.150   0.000  50.000 0.820
   1238  18.000  89.350   0.000  50.000 0.820
   1238  18.000  89.550   0.000  50.000 0.820
   1238  18.000  89.750   0.000  50.000 0.820
   1238  18.000  89.950   0.000  50.000 0.820
   1238  18.000  87.550   0.000 100.000 0.000
   1238  18.000  87.750   0.000 100.000 0.000
   1238  18.000  87.950   0.000 100.000 0.000
   1238  18.000  88.150   0.000 100.000 0.000
   1238  18.000  88.350   0.000 100.000 0.820
   1238  18.000  88.550   0.000 100.000 0.820
   1238  18.000  88.750   0.000 100.000 0.820
   1238  18.000  88.950   0.000 100.000 0.820
   1238  18.000  89.150   0.000 100.000 0.820
   1238  18.000  89.350   0.000 100.000 0.820
   1238  18.000  89.550   0.000 100.000 0.820
   1238  18.000  89.750   0.000 100.000 0.820
   1238  18.000  87.550   0.000 150.000 0.000
   1238  18.000  87.750   0.000 150.000 0.000
   1238  18.000  87.950   0.000 150.000 0.000
   1238  18.000  88.150   0.000 150.000 0.000
   1238  18.000  88.350   0.000 150.000 0.818
   1238  18.000  88.550   0.000 150.000 0.820
   1238  18.000  88.750   0.000 150.000 0.820
   1238  18.000  88.950   0.000 150.000 0.820
   1238  18.000  89.150   0.000 150.000 0.820
   1238  18.000  89.350   0.000 150.000 0.820
   1238  18.000  89.550   0.000 150.000 0.820
   1238  18.000  89.750   0.000 150.000 0.820
   1238  18.000  87.550   0.000 200.000 0.000
   1238  18.000  87.750   0.000 200.000 0.000
   1238  18.000  87.950   0.000 200.000 0.000
   1238  18.000  88.150   0.000 200.000 0.000
   1238  18.000  88.350   0.000 200.000 0.000
   1238  18.000  88.550   0.000 200.000 0.820
   1238  18.000  88.750   0.000 200.000 0.820
   1238  18.000  88.950   0.000 200.000 0.820
   1238  18.000  89.150   0.000 200.000 0.820
   1238  18.000  89.350   0.000 200.000 0.820
   1238  18.000  89.550   0.000 200.000 0.820
   1238  18.000  87.550   0.000 250.000 0.000
   1238  18.000  87.750   0.000 250.000 0.000
   1238  18.000  87.950   0.000 250.000 0.000
   1238  18.000  88.150   0.000 250.000 0.000
   1238  18.000  88.350   0.000 250.000 0.696
   1238  18.000  88.550   0.000 250.000 0.820
   1238  18.000  88.750   0.000 250.000 0.820
   1238  18.000  88.950   0.000 250.000 0.820
   1238  18.000  89.150   0.000 250.000 0.820
   1238  18.000  89.350   0.000 250.000 0.820
   1238  18.000  89.550   0.000 250.000 0.820
   1238  18.000  87.550   0.000 300.000 0.000
   1238  18.000  87.750   0.000 300.000 0.000
   1238  18.000  87.950   0.000 300.000 0.000
   1238  18.000  88.150   0.000 300.000 0.000
   1238  18.000  88.350   0.000 300.000 0.182
   1238  18.000  88.550   0.000 300.000 0.820
   1238  18.000  88.750   0.000 300.000 0.820
   1238  18.000  88.950   0.000 300.000 0.820
   1238  18.000  89.150   0.000 300.000 0.820
   1238  18.000  89.350   0.000 300.000 0.820
   1238  18.000  89.550   0.000 300.000 0.820
   1238  18.000  87.550   0.000 400.000 0.000
   1238  18.000  87.750   0.000 400.000 0.000
   1238  18.000  87.950   0.000 400.000 0.000
   1238  18.000  88.150   0.000 400.000 0.000
   1238  18.000  88.350   0.000 400.000 0.000
   1238  18.000  88.550   0.000 400.000 0.728
   1238  18.000  88.750   0.000 400.000 0.820
   1238  18.000  88.950   0.000 400.000 0.820
   1238  18.000  89.150   0.000 400.000 0.820
   1238  18.000  89.350   0.000 400.000 0.820
   1238  18.000  89.550   0.000 400.000 0.820
   1238  18.000  87.550   0.000 500.000 0.000
   1238  18.000  87.750   0.000 500.000 0.000
   1238  18.000  87.950   0.000 500.000 0.000
   1238  18.000  88.150   0.000 500.000 0.000
   1238  18.000  88.350   0.000 500.000 0.000
   1238  18.000  88.550   0.000 500.000 0.000
   1238  18.000  88.750   0.000 500.000 0.820
   1238  18.000  88.950   0.000 500.000 0.820
   1238  18.000  89.150   0.000 500.000 0.820
   1238  18.000  89.350   0.000 500.000 0.820
   1238  18.000  87.550   0.000 700.000 0.000
   1238  18.000  87.750   0.000 700.000 0.000
   1238  18.000  87.950   0.000 700.000 0.000
   1238  18.000  88.150   0.000 700.000 0.000
   1238  18.000  88.350   0.000 700.000 0.000
   1238  18.000  88.550   0.000 700.000 0.000
   1238  18.000  88.750   0.000 700.000 0.624
   1238  18.000  88.950   0.000 700.000 0.820
   1238  18.000  89.150   0.000 700.000 0.820
   1238  18.000  89.350   0.000 700.000 0.820
   1238  18.000  87.550   0.000 900.000 0.000
   1238  18.000  87.750   0.000 900.000 0.000
   1238  18.000  87.950   0.000 900.000 0.000
   1238  18.000  88.150   0.000 900.000 0.000
   1238  18.000  88.350   0.000 900.000 0.000
   1238  18.000  88.550   0.000 900.000 0.000
   1238  18.000  88.750   0.000 900.000 0.000
   1238  18.000  88.950   0.000 900.000 0.720
   1238  18.000  89.150   0.000 900.000 0.820
   1238  18.000  87.550   0.000 1100.000 0.000
   1238  18.000  87.750   0.000 1100.000 0.000
   1238  18.000  87.950   0.000 1100.000 0.000
   1238  18.000  88.150   0.000 1100.000 0.000
   1238  18.000  88.350   0.000 1100.000 0.000
   1238  18.000  88.550   0.000 1100.000 0.000
   1238  18.000  88.750   0.000 1100.000 0.000
   1238  18.000  88.950   0.000 1100.000 0.000
