#	92.5
1.550000e+01 5.231680e-11
1.575000e+01 4.429944e-09
1.600000e+01 7.480517e-08
1.625000e+01 4.583601e-07
1.650000e+01 1.612446e-06
1.675000e+01 4.043523e-06
1.700000e+01 8.123683e-06
1.725000e+01 1.482459e-05
1.750000e+01 2.487961e-05
1.775000e+01 3.760595e-05
1.800000e+01 5.390699e-05
1.825000e+01 7.199151e-05
1.850000e+01 9.193819e-05
1.875000e+01 1.094510e-04
1.900000e+01 1.233905e-04
1.925000e+01 1.338120e-04
1.950000e+01 1.390325e-04
1.975000e+01 1.415224e-04
2.000000e+01 1.420984e-04
